INSERTION,DELETION,SUM,SUBTRACT
1,1,2,0
15,1,16,14
3,1,4,2
3,3,6,0
2,1,3,1
20,0,20,20
1,1,2,0
8,0,8,8
2,0,2,2
2,1,3,1
147,65,212,82
4,0,4,4
19,12,31,7
80,2,82,78
9,0,9,9
9,0,9,9
5,2,7,3
13,0,13,13
10,4,14,6
128,20,148,108
176,0,176,176
47,0,47,47
14,0,14,14
1,0,1,1
14,0,14,14
14,0,14,14
8,13,21,-5
26,1,27,25
31,26,57,5
120,14,134,106
1,0,1,1
1,0,1,1
22,10,32,12
38,10,48,28
13,2,15,11
15,1,16,14
2,13,15,-11
1,0,1,1
2,0,2,2
3,0,3,3
4,0,4,4
72,0,72,72
3,1,4,2
88,91,179,-3
4,4,8,0
4,4,8,0
8,8,16,0
1,1,2,0
0,1,1,-1
1,2,3,-1
0,13,13,-13
0,3,3,-3
0,16,16,-16
0,2,2,-2
3,1,4,2
5,6,11,-1
4,4,8,0
94,114,208,-20
101,189,290,-88
0,8,8,-8
0,2,2,-2
0,1,1,-1
24,0,24,24
14,33,47,-19
8,13,21,-5
8,13,21,-5
26,26,52,0
25,25,50,0
5,5,10,0
46,263,309,-217
9,9,18,0
1,1,2,0
78,0,78,78
72,0,72,72
103,0,103,103
87,0,87,87
39,0,39,39
16,7,23,9
5,53,58,-48
53,0,53,53
38,0,38,38
22,5,27,17
27,15,42,12
13,9,22,4
135,0,135,135
71,0,71,71
173,0,173,173
103,3,106,100
18,19,37,-1
28,28,56,0
24,24,48,0
16,16,32,0
29,4,33,25
4,0,4,4
7,3,10,4
2,2,4,0
0,3,3,-3
165,25,190,140
9,9,18,0
10,7,17,3
1,1,2,0
81,0,81,81
5,19,24,-14
0,1,1,-1
0,1,1,-1
41,19,60,22
25,0,25,25
1,0,1,1
13,0,13,13
2,3,5,-1
0,1,1,-1
2,1,3,1
6,5,11,1
69,73,142,-4
1,1,2,0
16,19,35,-3
11,13,24,-2
1,1,2,0
14,14,28,0
2,0,2,2
3,0,3,3
0,4,4,-4
46,35,81,11
2,1,3,1
4,126,130,-122
1,0,1,1
28,28,56,0
35,1,36,34
1,0,1,1
1,0,1,1
1,0,1,1
1,0,1,1
3,2,5,1
11,30,41,-19
14,4,18,10
55,0,55,55
84,0,84,84
242,0,242,242
108,270,378,-162
331,0,331,331
186,0,186,186
8,1,9,7
86,42,128,44
4,4,8,0
18,18,36,0
0,70,70,-70
6,0,6,6
17,9,26,8
2,0,2,2
8,8,16,0
241,0,241,241
2,4,6,-2
0,21,21,-21
84,70,154,14
8,0,8,8
1,1,2,0
5,0,5,5
0,1,1,-1
0,3,3,-3
1,0,1,1
49,17,66,32
48,2,50,46
42,1,43,41
1,1,2,0
9,0,9,9
8,0,8,8
9,0,9,9
2,3,5,-1
2,4,6,-2
63,13,76,50
1,1,2,0
4,7,11,-3
0,2,2,-2
0,12,12,-12
2,5,7,-3
2,2,4,0
7,18,25,-11
3,0,3,3
39,58,97,-19
62,0,62,62
3,1,4,2
1,1,2,0
20,0,20,20
20,0,20,20
21,0,21,21
20,0,20,20
84,0,84,84
136,0,136,136
228,0,228,228
122,0,122,122
9,68,77,-59
6,79,85,-73
10,211,221,-201
9,107,116,-98
21,0,21,21
19,0,19,19
7,0,7,7
12,1,13,11
3,1,4,2
4,0,4,4
21,0,21,21
312,0,312,312
155,0,155,155
3,3,6,0
8,302,310,-294
9,131,140,-122
20,0,20,20
21,1,22,20
1,1,2,0
4,0,4,4
32,0,32,32
1,1,2,0
203,0,203,203
1,1,2,0
1,1,2,0
1,1,2,0
8,187,195,-179
1,1,2,0
6,0,6,6
4,1,5,3
7,0,7,7
27,2,29,25
1,1,2,0
2,1,3,1
54,0,54,54
60,3,63,57
1,1,2,0
114,37,151,77
0,124,124,-124
6,11,17,-5
1,0,1,1
14,0,14,14
92,55,147,37
8,0,8,8
1,1,2,0
1,1,2,0
120,0,120,120
154,0,154,154
156,0,156,156
7,0,7,7
1,0,1,1
7,0,7,7
1,1,2,0
41,2,43,39
5,0,5,5
5,0,5,5
31,31,62,0
56,30,86,26
61,39,100,22
176,0,176,176
1,1,2,0
33,20,53,13
0,13,13,-13
0,1,1,-1
0,11,11,-11
0,26,26,-26
0,101,101,-101
0,10,10,-10
0,70,70,-70
0,1,1,-1
0,61,61,-61
0,0,0,0
2,2,4,0
45,47,92,-2
15,0,15,15
0,20,20,-20
2,0,2,2
203,0,203,203
16,2,18,14
10,0,10,10
3,21,24,-18
2,2,4,0
4,1,5,3
15,0,15,15
15,0,15,15
15,0,15,15
15,0,15,15
15,0,15,15
15,0,15,15
15,0,15,15
43,7,50,36
15,0,15,15
15,0,15,15
15,0,15,15
15,0,15,15
15,0,15,15
16,1,17,15
15,0,15,15
15,0,15,15
15,0,15,15
15,0,15,15
15,0,15,15
0,20,20,-20
211,140,351,71
0,20,20,-20
0,20,20,-20
0,20,20,-20
19,0,19,19
77,1,78,76
15,0,15,15
15,0,15,15
24,1,25,23
0,20,20,-20
3,2,5,1
285,0,285,285
13,1,14,12
4,12,16,-8
0,20,20,-20
4,2,6,2
204,0,204,204
15,3,18,12
12,2,14,10
4,28,32,-24
539,245,784,294
16,1,17,15
38,14,52,24
1,1,2,0
164,0,164,164
150,3,153,147
6,159,165,-153
1,1,2,0
1,1,2,0
40,38,78,2
34,37,71,-3
1,1,2,0
3,4,7,-1
15,0,15,15
4,0,4,4
55,0,55,55
8,10,18,-2
44,23,67,21
16,7,23,9
1,1,2,0
31,4,35,27
25,3,28,22
1,1,2,0
11,6,17,5
2,2,4,0
19,4,23,15
15,0,15,15
15,0,15,15
15,0,15,15
16,2,18,14
20,6,26,14
24,5,29,19
1,0,1,1
39,35,74,4
5,1,6,4
64,38,102,26
1,1,2,0
2,2,4,0
277,28,305,249
25,0,25,25
36,0,36,36
40,0,40,40
45,1,46,44
2,2,4,0
8,8,16,0
1,1,2,0
30,0,30,30
3,3,6,0
4,3,7,1
2,2,4,0
76,0,76,76
1512,0,1512,1512
18,3,21,15
249,176,425,73
73,3,76,70
20,5,25,15
1132,2328,3460,-1196
16,1,17,15
47,33,80,14
1617,2960,4577,-1343
15,0,15,15
15,0,15,15
18,9,27,9
15,1,16,14
67,4,71,63
107,0,107,107
40,0,40,40
40,0,40,40
203,77,280,126
15,0,15,15
27,26,53,1
44,8,52,36
69,0,69,69
17,2,19,15
15,0,15,15
15,0,15,15
15,0,15,15
16,2,18,14
15,0,15,15
0,20,20,-20
16,1,17,15
19,1,20,18
1,2,3,-1
3,0,3,3
4,0,4,4
2,21,23,-19
0,19,19,-19
2,2,4,0
1,1,2,0
19,9,28,10
2,2,4,0
2,2,4,0
5,1,6,4
3,1,4,2
1,1,2,0
1,1,2,0
2,2,4,0
1,1,2,0
1,1,2,0
1,1,2,0
1,1,2,0
12,12,24,0
1,1,2,0
1,1,2,0
2,2,4,0
1,1,2,0
1,1,2,0
1,1,2,0
1,1,2,0
1,1,2,0
3,3,6,0
3,3,6,0
6,6,12,0
1,1,2,0
1,1,2,0
1,1,2,0
4,4,8,0
2,2,4,0
5,5,10,0
5,5,10,0
5,5,10,0
2,2,4,0
2,2,4,0
2,2,4,0
1,1,2,0
3,3,6,0
4,4,8,0
3,3,6,0
0,1,1,-1
3,3,6,0
3,3,6,0
1,1,2,0
2,2,4,0
12,12,24,0
25,25,50,0
34,32,66,2
3,3,6,0
9,9,18,0
1,1,2,0
1,1,2,0
5,2,7,3
1,1,2,0
1,1,2,0
2,2,4,0
13,0,13,13
15,0,15,15
2,0,2,2
2,0,2,2
2,0,2,2
2,0,2,2
15,0,15,15
15,0,15,15
15,0,15,15
15,0,15,15
15,0,15,15
15,0,15,15
15,0,15,15
15,0,15,15
15,0,15,15
15,0,15,15
15,0,15,15
15,0,15,15
15,0,15,15
15,0,15,15
15,0,15,15
15,0,15,15
15,0,15,15
15,0,15,15
15,0,15,15
15,0,15,15
15,0,15,15
15,0,15,15
15,0,15,15
4,2,6,2
2,0,2,2
4,2,6,2
4,2,6,2
15,0,15,15
15,0,15,15
15,0,15,15
15,0,15,15
15,0,15,15
15,0,15,15
15,0,15,15
15,0,15,15
15,0,15,15
15,0,15,15
15,0,15,15
15,0,15,15
15,0,15,15
15,0,15,15
15,0,15,15
15,0,15,15
15,0,15,15
15,0,15,15
15,0,15,15
15,0,15,15
15,0,15,15
15,0,15,15
15,0,15,15
15,0,15,15
15,0,15,15
15,0,15,15
15,0,15,15
15,0,15,15
15,0,15,15
15,0,15,15
15,0,15,15
15,0,15,15
15,0,15,15
15,0,15,15
0,0,0,0
30,20,50,10
0,13,13,-13
0,1,1,-1
0,11,11,-11
0,26,26,-26
0,101,101,-101
0,10,10,-10
0,70,70,-70
0,1,1,-1
0,61,61,-61
0,0,0,0
2,2,4,0
45,47,92,-2
0,20,20,-20
3,21,24,-18
0,20,20,-20
0,20,20,-20
0,20,20,-20
0,20,20,-20
0,20,20,-20
0,20,20,-20
0,21,21,-21
0,20,20,-20
2,21,23,-19
0,19,19,-19
19,9,28,10
51,0,51,51
1,1,2,0
1,1,2,0
2,2,4,0
2,2,4,0
11,0,11,11
1,1,2,0
1,1,2,0
2,2,4,0
2,2,4,0
20,1,21,19
20,1,21,19
2,9,11,-7
6,6,12,0
6,6,12,0
2,9,11,-7
6,6,12,0
6,6,12,0
49,33,82,16
0,13,13,-13
1572,937,2509,635
1630,809,2439,821
118,0,118,118
34,17,51,17
12,12,24,0
2,2,4,0
7,7,14,0
4,4,8,0
4,4,8,0
2,2,4,0
3,3,6,0
3,2,5,1
5,117,122,-112
1605,801,2406,804
118,0,118,118
10,1,11,9
39,32,71,7
0,13,13,-13
1,1,2,0
12,12,24,0
2,2,4,0
7,7,14,0
4,4,8,0
4,4,8,0
2,2,4,0
3,3,6,0
3,2,5,1
1569,822,2391,747
13,1,14,12
156,22,178,134
0,10,10,-10
63,0,63,63
1,2,3,-1
174,0,174,174
86,0,86,86
112,0,112,112
59,0,59,59
99,0,99,99
37,0,37,37
55,0,55,55
47,0,47,47
55,0,55,55
48,0,48,48
35,36,71,-1
15,12,27,3
2,10,12,-8
3,14,17,-11
5,13,18,-8
2,16,18,-14
2,14,16,-12
163,0,163,163
1,1,2,0
39,0,39,39
39,0,39,39
9,0,9,9
145,0,145,145
45,0,45,45
125,0,125,125
263,19,282,244
16,0,16,16
10,0,10,10
13,1,14,12
5,1,6,4
5,1,6,4
42,15,57,27
1,0,1,1
11,0,11,11
1,0,1,1
51,4,55,47
6,0,6,6
1,0,1,1
6,0,6,6
12,2,14,10
0,7,7,-7
1,0,1,1
19,12,31,7
18,0,18,18
11,1,12,10
51,4,55,47
2,1,3,1
1,0,1,1
16,0,16,16
29,2,31,27
48,1,49,47
67,25,92,42
0,11,11,-11
1,2,3,-1
1,16,17,-15
1,2,3,-1
0,12,12,-12
67,25,92,42
5,3,8,2
1,1,2,0
18,1,19,17
145,0,145,145
45,0,45,45
0,91,91,-91
125,0,125,125
263,19,282,244
0,344,344,-344
2,2,4,0
19,9,28,10
35,19,54,16
0,13,13,-13
0,1,1,-1
0,11,11,-11
0,26,26,-26
0,101,101,-101
0,10,10,-10
0,70,70,-70
0,1,1,-1
0,61,61,-61
45,47,92,-2
0,20,20,-20
3,21,24,-18
0,20,20,-20
0,20,20,-20
0,20,20,-20
0,20,20,-20
0,20,20,-20
0,20,20,-20
0,21,21,-21
0,20,20,-20
0,19,19,-19
0,19,19,-19
0,0,0,0
2,2,4,0
1,3,4,-2
67,1,68,66
425,624,1049,-199
1,3,4,-2
67,1,68,66
425,624,1049,-199
10,2,12,8
10,2,12,8
1,0,1,1
2,0,2,2
8,21,29,-13
0,2,2,-2
1,7,8,-6
44,2,46,42
1,0,1,1
2,0,2,2
8,21,29,-13
0,2,2,-2
1,7,8,-6
44,2,46,42
0,3,3,-3
0,120,120,-120
0,52,52,-52
6,0,6,6
56,0,56,56
21,0,21,21
2,0,2,2
6,0,6,6
56,0,56,56
76,18,94,58
4,3,7,1
72,15,87,57
2,0,2,2
9,0,9,9
27,0,27,27
2,0,2,2
9,0,9,9
27,0,27,27
2,0,2,2
12,0,12,12
2,0,2,2
12,0,12,12
0,3,3,-3
0,120,120,-120
0,52,52,-52
78,0,78,78
64,0,64,64
14,0,14,14
20,24,44,-4
6,6,12,0
6,6,12,0
6,14,20,-8
6,6,12,0
6,6,12,0
14,10,24,4
2,2,4,0
0,1,1,-1
2,2,4,0
0,1,1,-1
6,19,25,-13
0,1,1,-1
2,1,3,1
1,0,1,1
1,0,1,1
58,0,58,58
172,0,172,172
20,9,29,11
78,0,78,78
44,9,53,35
37,0,37,37
6,100,106,-94
21,12,33,9
59,0,59,59
8,4,12,4
15,32,47,-17
55,0,55,55
34,22,56,12
14,10,24,4
2,10,12,-8
3,14,17,-11
2,16,18,-14
2,14,16,-12
162,0,162,162
1,1,2,0
39,0,39,39
9,0,9,9
95,0,95,95
219,15,234,204
65,0,65,65
2,2,4,0
99,44,143,55
1,0,1,1
1,0,1,1
35,0,35,35
76,0,76,76
40,0,40,40
56,0,56,56
27,0,27,27
32,0,32,32
18,4,22,14
13,11,24,2
1,1,2,0
173,1,174,172
11,1,12,10
1,1,2,0
4,4,8,0
43,45,88,-2
839,847,1686,-8
82,21,103,61
1,1,2,0
4,0,4,4
13,0,13,13
30,3,33,27
144,60,204,84
9,12,21,-3
0,1,1,-1
2,3,5,-1
1,1,2,0
0,4,4,-4
2,2,4,0
0,4,4,-4
1,1,2,0
1,1,2,0
1,1,2,0
1,1,2,0
0,2,2,-2
1,1,2,0
1,1,2,0
3,3,6,0
3,4,7,-1
1,1,2,0
5,5,10,0
1,1,2,0
11,12,23,-1
0,6,6,-6
0,1,1,-1
0,2,2,-2
0,14,14,-14
2,2,4,0
1,2,3,-1
0,4,4,-4
6,1,7,5
45,1,46,44
11,33,44,-22
2,149,151,-147
0,1,1,-1
61,1,62,60
6,6,12,0
1,9,10,-8
2,2,4,0
1,1,2,0
1,1,2,0
15,15,30,0
97,1,98,96
72,0,72,72
4,0,4,4
18,4,22,14
1,1,2,0
1,1,2,0
20,0,20,20
2,2,4,0
1,1,2,0
20,0,20,20
2,2,4,0
1,1,2,0
1,1,2,0
6,2,8,4
5,1,6,4
9,4,13,5
6,2,8,4
5,1,6,4
9,4,13,5
2,0,2,2
69,0,69,69
2,0,2,2
1,1,2,0
69,0,69,69
21,0,21,21
2,0,2,2
1,2,3,-1
1,2,3,-1
1,1,2,0
1,1,2,0
2,2,4,0
2,2,4,0
0,2,2,-2
5,5,10,0
4,3,7,1
2,1,3,1
3,2,5,1
5,4,9,1
2,2,4,0
1,1,2,0
1,1,2,0
2,2,4,0
1,1,2,0
1,0,1,1
5,2,7,3
17,0,17,17
18,5,23,13
62,3,65,59
6,0,6,6
1,0,1,1
5,2,7,3
17,0,17,17
18,5,23,13
62,3,65,59
6,0,6,6
1,0,1,1
5,2,7,3
17,0,17,17
18,5,23,13
62,3,65,59
6,0,6,6
2,2,4,0
1,1,2,0
0,2,2,-2
5,5,10,0
4,3,7,1
2,1,3,1
3,2,5,1
5,4,9,1
2,2,4,0
2,2,4,0
1,1,2,0
1,1,2,0
1,1,2,0
12,0,12,12
11,0,11,11
5,14,19,-9
55,1,56,54
2,3,5,-1
60,0,60,60
51,33,84,18
2,2,4,0
4,4,8,0
0,537,537,-537
1,1,2,0
1,1,2,0
3,3,6,0
5,5,10,0
0,7084,7084,-7084
2,2,4,0
6,6,12,0
1,1,2,0
1,1,2,0
0,61,61,-61
16,16,32,0
0,537,537,-537
0,7084,7084,-7084
0,61,61,-61
2,2,4,0
5,1,6,4
2,3,5,-1
60,0,60,60
13,0,13,13
38,33,71,5
0,0,0,0
2,3,5,-1
0,0,0,0
2,3,5,-1
1,1,2,0
55,1,56,54
16,14,30,2
9,5,14,4
71,8,79,63
37,17,54,20
26,2,28,24
19,2,21,17
20,7,27,13
23,2,25,21
40,6,46,34
37,0,37,37
40,0,40,40
33,0,33,33
136,18,154,118
10,0,10,10
5,14,19,-9
4,0,4,4
69,0,69,69
19,0,19,19
7,0,7,7
5,0,5,5
10,1,11,9
19,0,19,19
30,1,31,29
1,1,2,0
1,1,2,0
1,1,2,0
1,1,2,0
1,1,2,0
5,5,10,0
2,2,4,0
6,6,12,0
1,1,2,0
1,1,2,0
1,1,2,0
2,2,4,0
16,16,32,0
4,4,8,0
51,51,102,0
3,3,6,0
24,24,48,0
56,56,112,0
8,8,16,0
6,2,8,4
5,1,6,4
9,4,13,5
16,14,30,2
9,5,14,4
71,8,79,63
37,17,54,20
26,2,28,24
19,2,21,17
20,7,27,13
23,2,25,21
40,6,46,34
37,0,37,37
40,0,40,40
33,0,33,33
136,18,154,118
10,0,10,10
2,2,4,0
0,1,1,-1
5,6,11,-1
2,22,24,-20
20,0,20,20
28,7,35,21
12,23,35,-11
6,6,12,0
19,0,19,19
7,0,7,7
36,0,36,36
10,1,11,9
9,0,9,9
665,260,925,405
537,0,537,537
3,3,6,0
1,1,2,0
250,241,491,9
1,1,2,0
1,1,2,0
15,0,15,15
8,0,8,8
96,0,96,96
17,55,72,-38
14,684,698,-670
2,2,4,0
1,1,2,0
2,2,4,0
0,1,1,-1
5,5,10,0
12,12,24,0
7084,0,7084,7084
2,2,4,0
6,1,7,5
2,1,3,1
1,1,2,0
17,74,91,-57
61,0,61,61
3,5,8,-2
549,258,807,291
3,1,4,2
1,1,2,0
3,1,4,2
3,1,4,2
2,1,3,1
4,3,7,1
1,1,2,0
1,1,2,0
2,1,3,1
1,1,2,0
1,1,2,0
2,1,3,1
2,1,3,1
4,1,5,3
665,260,925,405
537,0,537,537
3,3,6,0
1,1,2,0
250,241,491,9
1,1,2,0
1,1,2,0
15,0,15,15
8,0,8,8
96,0,96,96
17,55,72,-38
14,684,698,-670
2,2,4,0
1,1,2,0
2,2,4,0
0,1,1,-1
5,5,10,0
12,12,24,0
7084,0,7084,7084
2,2,4,0
6,1,7,5
2,1,3,1
1,1,2,0
17,74,91,-57
61,0,61,61
3,5,8,-2
549,258,807,291
3,1,4,2
1,1,2,0
3,1,4,2
3,1,4,2
2,1,3,1
4,3,7,1
1,1,2,0
1,1,2,0
2,1,3,1
1,1,2,0
1,1,2,0
2,1,3,1
2,1,3,1
4,1,5,3
35,2,37,33
35,2,37,33
7,0,7,7
1,1,2,0
1,1,2,0
1,1,2,0
1,1,2,0
1,1,2,0
1,1,2,0
6,1,7,5
8,7,15,1
26,26,52,0
67,67,134,0
25,37,62,-12
4,4,8,0
1,1,2,0
9,9,18,0
1,1,2,0
4,4,8,0
1,1,2,0
1,1,2,0
1,1,2,0
1,1,2,0
6,1,7,5
8,7,15,1
26,26,52,0
67,67,134,0
25,37,62,-12
4,4,8,0
1,1,2,0
9,9,18,0
1,1,2,0
4,4,8,0
0,1,1,-1
1,0,1,1
12,0,12,12
11,0,11,11
1,0,1,1
1,1,2,0
1,0,1,1
5,0,5,5
4,0,4,4
6,0,6,6
2,0,2,2
86,0,86,86
94,0,94,94
29,0,29,29
111,0,111,111
169,0,169,169
41,0,41,41
119,0,119,119
1,0,1,1
34,0,34,34
4,4,8,0
0,0,0,0
0,0,0,0
2,2,4,0
4,0,4,4
1,1,2,0
34,0,34,34
4,4,8,0
0,0,0,0
0,0,0,0
2,2,4,0
4,0,4,4
1,1,2,0
15,18,33,-3
15,18,33,-3
28,18,46,10
28,18,46,10
29,0,29,29
111,0,111,111
169,0,169,169
41,0,41,41
119,0,119,119
1,0,1,1
16,0,16,16
19,1,20,18
2,2,4,0
4,4,8,0
2,0,2,2
70,0,70,70
76,0,76,76
1,1,2,0
1,1,2,0
9,5,14,4
2,1,3,1
16,0,16,16
1,2,3,-1
12,0,12,12
1,1,2,0
1,1,2,0
14,4,18,10
74,54,128,20
1,1,2,0
50,85,135,-35
51,24,75,27
33,2,35,31
14,4,18,10
51,62,113,-11
1,1,2,0
50,85,135,-35
51,24,75,27
1,0,1,1
1,2,3,-1
1,0,1,1
1,2,3,-1
1,1,2,0
1,1,2,0
6,0,6,6
4,0,4,4
1,1,2,0
71,78,149,-7
64,0,64,64
64,0,64,64
71,78,149,-7
1,1,2,0
2,1,3,1
2,4,6,-2
2,3,5,-1
2,3,5,-1
4,5,9,-1
2,3,5,-1
2,3,5,-1
4,5,9,-1
1,3,4,-2
2,3,5,-1
2,3,5,-1
2,3,5,-1
3,6,9,-3
2,3,5,-1
3,3,6,0
2,1,3,1
2,4,6,-2
2,3,5,-1
2,3,5,-1
4,5,9,-1
2,3,5,-1
2,3,5,-1
4,5,9,-1
1,3,4,-2
2,3,5,-1
2,3,5,-1
2,3,5,-1
3,6,9,-3
2,3,5,-1
3,3,6,0
4,0,4,4
14,0,14,14
1,1,2,0
1,1,2,0
12,0,12,12
5,3,8,2
3,1,4,2
102,1,103,101
5,3,8,2
3,1,4,2
102,1,103,101
1,1,2,0
1,1,2,0
2,2,4,0
6,6,12,0
9,26,35,-17
82,32,114,50
1,1,2,0
1,1,2,0
1,1,2,0
2,2,4,0
6,6,12,0
9,26,35,-17
82,32,114,50
1,1,2,0
2,2,4,0
534,0,534,534
12,3,15,9
1,1,2,0
204,0,204,204
1,1,2,0
2,2,4,0
534,0,534,534
12,3,15,9
1,1,2,0
204,0,204,204
1,1,2,0
1,0,1,1
18,5,23,13
63,20,83,43
1,0,1,1
18,5,23,13
63,20,83,43
19,0,19,19
1,1,2,0
25,1,26,24
1,1,2,0
25,1,26,24
19,0,19,19
1,1,2,0
12,0,12,12
1,1,2,0
1,1,2,0
1,1,2,0
169,50,219,119
10,7,17,3
10,0,10,10
0,28,28,-28
0,82,82,-82
17,22,39,-5
0,72,72,-72
19,5,24,14
52,18,70,34
27,15,42,12
10,10,20,0
73,20,93,53
7,6,13,1
3,3,6,0
4,61,65,-57
72,0,72,72
8,2,10,6
1,1,2,0
1,0,1,1
26,9,35,17
8,6,14,2
77,0,77,77
35,19,54,16
85,0,85,85
12,3,15,9
5,1,6,4
3,3,6,0
3,3,6,0
34,70,104,-36
100,0,100,100
275,0,275,275
107,0,107,107
0,5,5,-5
87,0,87,87
94,0,94,94
4,2,6,2
80,0,80,80
215,0,215,215
135,0,135,135
0,32,32,-32
0,133,133,-133
0,110,110,-110
0,13,13,-13
0,12,12,-12
0,175,175,-175
0,11,11,-11
0,11,11,-11
0,12,12,-12
0,20,20,-20
0,20,20,-20
0,100,100,-100
0,71,71,-71
66,27,93,39
2,6,8,-4
16,9,25,7
305,44,349,261
66,27,93,39
16,9,25,7
301,40,341,261
2,6,8,-4
16,16,32,0
169,50,219,119
10,7,17,3
10,0,10,10
0,28,28,-28
0,82,82,-82
17,22,39,-5
0,72,72,-72
19,5,24,14
52,18,70,34
27,15,42,12
10,10,20,0
73,20,93,53
7,6,13,1
3,3,6,0
4,61,65,-57
72,0,72,72
8,2,10,6
1,1,2,0
1,0,1,1
26,9,35,17
8,6,14,2
77,0,77,77
35,19,54,16
85,0,85,85
12,3,15,9
5,1,6,4
3,3,6,0
3,3,6,0
34,70,104,-36
100,0,100,100
275,0,275,275
107,0,107,107
0,5,5,-5
87,0,87,87
94,0,94,94
4,2,6,2
80,0,80,80
215,0,215,215
135,0,135,135
0,32,32,-32
0,133,133,-133
0,110,110,-110
0,13,13,-13
0,12,12,-12
0,175,175,-175
0,11,11,-11
0,11,11,-11
0,12,12,-12
0,20,20,-20
0,20,20,-20
0,100,100,-100
0,71,71,-71
7,0,7,7
41,2,43,39
4,1,5,3
1,1,2,0
1,0,1,1
7,0,7,7
1,1,2,0
1,1,2,0
15,15,30,0
3,3,6,0
3,3,6,0
7,1,8,6
7,6,13,1
7,1,8,6
7,6,13,1
3,3,6,0
15,15,30,0
2,0,2,2
1,1,2,0
1,1,2,0
5,0,5,5
6,0,6,6
6,0,6,6
5,0,5,5
6,0,6,6
6,0,6,6
7,0,7,7
15,10,25,5
10,30,40,-20
48,2,50,46
7,4,11,3
5,1,6,4
7,4,11,3
3,2,5,1
31,0,31,31
20,6,26,14
56,0,56,56
57,0,57,57
5,22,27,-17
3,2,5,1
26,29,55,-3
37,0,37,37
76,0,76,76
42,0,42,42
47,0,47,47
34,0,34,34
51,0,51,51
42,0,42,42
0,51,51,-51
5,0,5,5
31,0,31,31
9,0,9,9
100,0,100,100
1,1,2,0
2,2,4,0
2,2,4,0
22,168,190,-146
1,498,499,-497
3,1275,1278,-1272
211,6900,7111,-6689
0,60,60,-60
3,324,327,-321
1,1,2,0
1344,0,1344,1344
43,0,43,43
898,0,898,898
0,83,83,-83
29,188,217,-159
23,49,72,-26
11,176,187,-165
38,26,64,12
5,4,9,1
5,223,228,-218
0,71,71,-71
22,28,50,-6
0,6,6,-6
0,6,6,-6
92,7,99,85
62,0,62,62
3,86,89,-83
0,202,202,-202
0,72,72,-72
1,50,51,-49
15,690,705,-675
10,664,674,-654
3,212,215,-209
497,0,497,497
1287,0,1287,1287
64,0,64,64
332,0,332,332
5285,0,5285,5285
6810,0,6810,6810
84,0,84,84
190,0,190,190
169,0,169,169
48,0,48,48
165,0,165,165
225,0,225,225
111,0,111,111
94,0,94,94
212,0,212,212
76,0,76,76
52,0,52,52
678,0,678,678
661,0,661,661
221,0,221,221
17,1,18,16
2,0,2,2
38,26,64,12
5,4,9,1
17,1,18,16
2,2,4,0
2,2,4,0
22,168,190,-146
1,498,499,-497
3,1275,1278,-1272
211,6900,7111,-6689
0,60,60,-60
3,324,327,-321
1,1,2,0
1344,0,1344,1344
43,0,43,43
896,0,896,896
0,83,83,-83
29,188,217,-159
23,49,72,-26
11,176,187,-165
5,4,9,1
5,223,228,-218
0,71,71,-71
22,28,50,-6
0,6,6,-6
0,6,6,-6
92,7,99,85
62,0,62,62
3,86,89,-83
0,202,202,-202
0,72,72,-72
1,50,51,-49
15,690,705,-675
10,664,674,-654
3,212,215,-209
497,0,497,497
1287,0,1287,1287
64,0,64,64
332,0,332,332
5285,0,5285,5285
6809,0,6809,6809
84,0,84,84
190,0,190,190
169,0,169,169
48,0,48,48
165,0,165,165
225,0,225,225
111,0,111,111
94,0,94,94
212,0,212,212
76,0,76,76
52,0,52,52
678,0,678,678
661,0,661,661
221,0,221,221
1,1,2,0
7,0,7,7
48,2,50,46
4,2,6,2
7,4,11,3
3,2,5,1
20,6,26,14
5,22,27,-17
3,2,5,1
0,51,51,-51
2,0,2,2
18,0,18,18
9,0,9,9
15,10,25,5
9,29,38,-20
3,2,5,1
5,1,6,4
31,0,31,31
56,0,56,56
57,0,57,57
26,29,55,-3
37,0,37,37
76,0,76,76
42,0,42,42
47,0,47,47
34,0,34,34
51,0,51,51
42,0,42,42
3,0,3,3
13,0,13,13
100,0,100,100
1,1,2,0
1,1,2,0
169,0,169,169
38,0,38,38
66,0,66,66
93,0,93,93
47,0,47,47
28,0,28,28
77,0,77,77
94,0,94,94
72,0,72,72
109,0,109,109
112,0,112,112
110,0,110,110
59,0,59,59
69,0,69,69
44,0,44,44
70,0,70,70
38,0,38,38
73,0,73,73
85,0,85,85
44,0,44,44
38,0,38,38
184,0,184,184
99,0,99,99
51,0,51,51
128,0,128,128
0,0,0,0
64,0,64,64
11,0,11,11
11,0,11,11
13,0,13,13
22,0,22,22
27,0,27,27
102,0,102,102
110,0,110,110
13,0,13,13
12,0,12,12
166,0,166,166
11,0,11,11
11,0,11,11
12,0,12,12
69,0,69,69
20,0,20,20
20,0,20,20
71,0,71,71
0,0,0,0
1,0,1,1
169,0,169,169
38,0,38,38
66,0,66,66
93,0,93,93
47,0,47,47
28,0,28,28
77,0,77,77
94,0,94,94
72,0,72,72
109,0,109,109
112,0,112,112
110,0,110,110
59,0,59,59
69,0,69,69
44,0,44,44
70,0,70,70
38,0,38,38
73,0,73,73
85,0,85,85
44,0,44,44
38,0,38,38
184,0,184,184
99,0,99,99
51,0,51,51
128,0,128,128
0,0,0,0
64,0,64,64
11,0,11,11
11,0,11,11
13,0,13,13
22,0,22,22
27,0,27,27
102,0,102,102
110,0,110,110
13,0,13,13
12,0,12,12
166,0,166,166
11,0,11,11
11,0,11,11
12,0,12,12
69,0,69,69
20,0,20,20
20,0,20,20
71,0,71,71
0,0,0,0
1,0,1,1
8,0,8,8
1,1,2,0
1,1,2,0
1,1,2,0
6,0,6,6
6,0,6,6
6,0,6,6
6,0,6,6
1,1,2,0
1,1,2,0
6,0,6,6
6,0,6,6
6,0,6,6
6,0,6,6
1,1,2,0
7,0,7,7
1,1,2,0
1,1,2,0
25,0,25,25
24,0,24,24
48,0,48,48
320,0,320,320
149,0,149,149
1,1,2,0
1,0,1,1
1,1,2,0
1,1,2,0
2,2,4,0
2,2,4,0
18,4,22,14
2,1,3,1
5,5,10,0
5,5,10,0
78,0,78,78
1,1,2,0
85,14,99,71
2,2,4,0
77,0,77,77
2,0,2,2
2,2,4,0
18,4,22,14
0,2,2,-2
1,1,2,0
8,8,16,0
2,2,4,0
77,0,77,77
2,0,2,2
2,2,4,0
18,4,22,14
0,2,2,-2
0,28,28,-28
0,4,4,-4
0,1,1,-1
3,3,6,0
0,1,1,-1
1,1,2,0
1,1,2,0
0,1,1,-1
64,57,121,7
28,0,28,28
28,41,69,-13
43,0,43,43
1,1,2,0
5,5,10,0
5,5,10,0
25,24,49,1
1,1,2,0
12,12,24,0
1,0,1,1
197,5,202,192
144,543,687,-399
43,11,54,32
4,2,6,2
1,0,1,1
19,17,36,2
1,1,2,0
42,1,43,41
7,0,7,7
1503,0,1503,1503
2,1,3,1
188,0,188,188
1,1,2,0
78,7,85,71
2,2,4,0
21,9,30,12
25,6,31,19
66,0,66,66
122,3,125,119
41,1,42,40
1,1,2,0
23,4,27,19
145,137,282,8
5,0,5,5
6,1,7,5
11,0,11,11
140,187,327,-47
24,7,31,17
26,4,30,22
14,0,14,14
282,94,376,188
1,1,2,0
3,3,6,0
0,1,1,-1
0,1,1,-1
1,1,2,0
75,59,134,16
7,29,36,-22
0,829,829,-829
842,0,842,842
13,18,31,-5
2,0,2,2
120,15,135,105
1,1,2,0
77,95,172,-18
2,2,4,0
2,2,4,0
2,2,4,0
1,1,2,0
2,2,4,0
2,2,4,0
438,981,1419,-543
4,8,12,-4
6,6,12,0
