INSERTION,DELETION,SUM,SUBTRACT
7,1,8,6
3,3,6,0
10,2,12,8
1,1,2,0
43,0,43,43
0,21,21,-21
2,1,3,1
1,0,1,1
0,14,14,-14
0,1,1,-1
0,37,37,-37
0,46,46,-46
0,1,1,-1
2,6,8,-4
0,20,20,-20
1,1,2,0
1,7,8,-6
0,14,14,-14
0,9,9,-9
0,6,6,-6
0,6,6,-6
21,0,21,21
15,1,16,14
3,1,4,2
2,4,6,-2
0,3,3,-3
2,1,3,1
1,1,2,0
4,1,5,3
0,2,2,-2
3,15,18,-12
0,13,13,-13
61,3,64,58
5,4,9,1
60,0,60,60
29,14,43,15
15,1,16,14
26,9,35,17
38,5,43,33
5,7,12,-2
26,2,28,24
16,1,17,15
14,1,15,13
14,0,14,14
58,8,66,50
109,0,109,109
11,0,11,11
51,0,51,51
7,14,21,-7
6,8,14,-2
7,4,11,3
18,1,19,17
39,0,39,39
98,11,109,87
38,0,38,38
8,23,31,-15
2,0,2,2
5,1,6,4
10,0,10,10
12,2,14,10
11,0,11,11
23,0,23,23
4,0,4,4
12,18,30,-6
16,3,19,13
12,0,12,12
7,1,8,6
1,12,13,-11
2,1,3,1
57,0,57,57
5,0,5,5
1,1,2,0
8,0,8,8
33,6,39,27
3,1,4,2
1,1,2,0
2,0,2,2
2,0,2,2
2,0,2,2
2,0,2,2
2,0,2,2
5,1,6,4
81,22,103,59
1,1,2,0
6,6,12,0
11,0,11,11
9,0,9,9
24,4,28,20
4,0,4,4
2,4,6,-2
194,18,212,176
164,8,172,156
15,2,17,13
21,9,30,12
24,6,30,18
22,3,25,19
32,6,38,26
26,1,27,25
12,8,20,4
3,0,3,3
3,0,3,3
3,0,3,3
3,0,3,3
3,0,3,3
5,7,12,-2
1,0,1,1
4,0,4,4
5,5,10,0
1,1,2,0
5,5,10,0
1,1,2,0
1,1,2,0
1,1,2,0
4,1,5,3
26,0,26,26
88,19,107,69
21,7,28,14
11,0,11,11
13,13,26,0
5,4,9,1
42,14,56,28
11,0,11,11
0,8,8,-8
4,0,4,4
3,0,3,3
2,0,2,2
5,1,6,4
7,7,14,0
135,0,135,135
4,11,15,-7
23,20,43,3
1,0,1,1
1,0,1,1
1,0,1,1
1,0,1,1
9,7,16,2
6,1,7,5
24,5,29,19
1,1,2,0
16,2,18,14
2,3,5,-1
2,3,5,-1
4,2,6,2
2,3,5,-1
1,1,2,0
1,2,3,-1
40,21,61,19
1,2,3,-1
1,0,1,1
20,2,22,18
10,0,10,10
6,0,6,6
6,0,6,6
6,0,6,6
4,0,4,4
5,0,5,5
10,1,11,9
17,0,17,17
3,3,6,0
8,0,8,8
1,1,2,0
7,0,7,7
5,2,7,3
11,0,11,11
8,1,9,7
2,3,5,-1
29,0,29,29
24,6,30,18
13,1,14,12
19,0,19,19
29,12,41,17
15,9,24,6
1,0,1,1
10,2,12,8
0,2,2,-2
0,0,0,0
4,4,8,0
0,0,0,0
0,1,1,-1
0,0,0,0
14,34,48,-20
9236,0,9236,9236
3167,0,3167,3167
4,4,8,0
4,1,5,3
80,0,80,80
1,1,2,0
42,0,42,42
1,1,2,0
1,1,2,0
12,17,29,-5
11919,0,11919,11919
0,0,0,0
0,3,3,-3
3,4,7,-1
4,4,8,0
1,0,1,1
0,59,59,-59
49,0,49,49
30,0,30,30
36,0,36,36
2,5,7,-3
3,2,5,1
1,1,2,0
2,2,4,0
1,1,2,0
1,1,2,0
22,1,23,21
2,0,2,2
13,9,22,4
3,1,4,2
1,7,8,-6
11,5,16,6
1,2,3,-1
7,1,8,6
4,0,4,4
1,2,3,-1
6,0,6,6
3,3,6,0
5,2,7,3
0,3,3,-3
2,6,8,-4
1,4,5,-3
1,1,2,0
1,0,1,1
1,0,1,1
1,0,1,1
1,1,2,0
3,6,9,-3
1,1,2,0
6,6,12,0
2,2,4,0
1,1,2,0
2,2,4,0
1,1,2,0
1,0,1,1
1,1,2,0
1,1,2,0
1,1,2,0
1,1,2,0
27,4,31,23
0,5,5,-5
14,3,17,11
4,0,4,4
3,1,4,2
17,2,19,15
7,0,7,7
14,5,19,9
5,5,10,0
10,5,15,5
10,2,12,8
3,2,5,1
104,42,146,62
26,0,26,26
1,0,1,1
2,1,3,1
1,0,1,1
1,0,1,1
0,0,0,0
1,1,2,0
19,1,20,18
34,18,52,16
1,2,3,-1
2,2,4,0
3,3,6,0
3,3,6,0
1,1,2,0
4,5,9,-1
6,0,6,6
1,1,2,0
1,1,2,0
2,2,4,0
3,1,4,2
5,0,5,5
1,1,2,0
1,4,5,-3
1,1,2,0
3,2,5,1
3,3,6,0
1,1,2,0
9,0,9,9
0,7,7,-7
6,2,8,4
89,31,120,58
1,0,1,1
1,1,2,0
6,0,6,6
4,0,4,4
20,7,27,13
9,0,9,9
2,3,5,-1
1,1,2,0
1,1,2,0
16,1,17,15
1,1,2,0
6,6,12,0
23,6,29,17
1,1,2,0
36,17,53,19
1,1,2,0
44,13,57,31
17,12,29,5
1,1,2,0
1,1,2,0
1,1,2,0
2,2,4,0
13,1,14,12
2,2,4,0
1,1,2,0
6,0,6,6
5,3,8,2
2,4,6,-2
16,10,26,6
2,2,4,0
36,22,58,14
14,19,33,-5
16,14,30,2
6,2,8,4
1,1,2,0
4,0,4,4
3,16,19,-13
8,2,10,6
0,1,1,-1
115,0,115,115
3,21,24,-18
52,22,74,30
1,1,2,0
10,3,13,7
4,13,17,-9
13,13,26,0
4,1,5,3
9,13,22,-4
53,0,53,53
42,0,42,42
35,21,56,14
2,0,2,2
6,13,19,-7
1,5,6,-4
2,3,5,-1
3,22,25,-19
9,9,18,0
0,0,0,0
1,1,2,0
2,0,2,2
4,18,22,-14
1,1,2,0
1,1,2,0
5,5,10,0
51,13,64,38
13,1,14,12
3,0,3,3
13,14,27,-1
3,3,6,0
3,9,12,-6
66,1,67,65
1,1,2,0
6,1,7,5
23,8,31,15
57,0,57,57
2,0,2,2
5,0,5,5
26,0,26,26
2,0,2,2
2,0,2,2
2,0,2,2
2,0,2,2
9,4,13,5
22,0,22,22
3,1,4,2
12,1,13,11
3,2,5,1
14,0,14,14
18,9,27,9
2,2,4,0
1,1,2,0
2,2,4,0
1,1,2,0
15,1,16,14
4,0,4,4
7,2,9,5
3,3,6,0
5,2,7,3
7,38,45,-31
97,0,97,97
22,16,38,6
1,1,2,0
7,3,10,4
3,0,3,3
1,6,7,-5
21,0,21,21
2,2,4,0
0,6,6,-6
1,1,2,0
1,1,2,0
1,1,2,0
1,1,2,0
20,31,51,-11
2,3,5,-1
1,3,4,-2
2,3,5,-1
1,1,2,0
1,7,8,-6
0,60,60,-60
1,1,2,0
1,1,2,0
7,9,16,-2
5,1,6,4
46,28,74,18
2,8,10,-6
8,31,39,-23
9,4,13,5
33,0,33,33
5,2,7,3
1,1,2,0
2,4,6,-2
1,1,2,0
2,0,2,2
10,0,10,10
8,1,9,7
7,0,7,7
5,0,5,5
4,0,4,4
6,0,6,6
5,0,5,5
5,0,5,5
2,2,4,0
3,0,3,3
1,1,2,0
7,0,7,7
3,4,7,-1
22,7,29,15
0,17,17,-17
38,18,56,20
0,28,28,-28
0,31,31,-31
21,0,21,21
5,7,12,-2
80,137,217,-57
0,20,20,-20
10,0,10,10
0,6,6,-6
12,25,37,-13
0,4,4,-4
19,36,55,-17
18,16,34,2
3,3,6,0
1,1,2,0
21,18,39,3
5,5,10,0
9,9,18,0
16,12,28,4
8,8,16,0
18,4,22,14
12,3,15,9
1,6,7,-5
9,0,9,9
2,3,5,-1
0,16,16,-16
6,3,9,3
16,12,28,4
7,2,9,5
144,83,227,61
3,2,5,1
5,8,13,-3
6,9,15,-3
5,8,13,-3
5,8,13,-3
7,10,17,-3
5,8,13,-3
5,8,13,-3
1,1,2,0
1,1,2,0
4,4,8,0
4,4,8,0
4,4,8,0
4,4,8,0
4,4,8,0
4,4,8,0
4,4,8,0
3,3,6,0
4,1,5,3
1,2,3,-1
5,2,7,3
1,1,2,0
1,1,2,0
1,0,1,1
4,0,4,4
18,22,40,-4
3,21,24,-18
2,0,2,2
11,2,13,9
1,2,3,-1
7,14,21,-7
1,1,2,0
63,0,63,63
1,1,2,0
1,1,2,0
0,38,38,-38
0,3,3,-3
14,24,38,-10
8,14,22,-6
2,2,4,0
2,2,4,0
5,0,5,5
4,0,4,4
1,1,2,0
1,0,1,1
7,4,11,3
1,1,2,0
20,2,22,18
18,0,18,18
95,49,144,46
44,2,46,42
7,3,10,4
40,7,47,33
3,1,4,2
1,1,2,0
1,1,2,0
9,2,11,7
0,1,1,-1
56,4,60,52
1,1,2,0
5,1,6,4
2,3,5,-1
1,0,1,1
2,2,4,0
3,3,6,0
4,2,6,2
4,7,11,-3
3,3,6,0
2,2,4,0
2,2,4,0
1,1,2,0
3,0,3,3
36,13,49,23
83,0,83,83
19,3,22,16
38,18,56,20
1,0,1,1
4,0,4,4
0,2,2,-2
26,25,51,1
3,1,4,2
5,1,6,4
1,1,2,0
1,0,1,1
6,0,6,6
6,0,6,6
5,5,10,0
0,0,0,0
1,1,2,0
3,0,3,3
3,3,6,0
4,4,8,0
12,0,12,12
4,0,4,4
1,3,4,-2
0,49,49,-49
181,0,181,181
29,21,50,8
0,16,16,-16
0,25,25,-25
0,12,12,-12
1,0,1,1
9,11,20,-2
0,1,1,-1
3,0,3,3
2,3,5,-1
31,0,31,31
5,0,5,5
6,5,11,1
27,11,38,16
1,1,2,0
4,0,4,4
1,0,1,1
56,10,66,46
2,1,3,1
1,2,3,-1
10,8,18,2
61,0,61,61
1,1,2,0
7,3,10,4
1,1,2,0
29,17,46,12
9,8,17,1
0,1,1,-1
2,2,4,0
39,10,49,29
1,1,2,0
10,0,10,10
9,6,15,3
3,5,8,-2
2,2,4,0
5,6,11,-1
0,2,2,-2
28,0,28,28
7,2,9,5
1,0,1,1
1,2,3,-1
3,3,6,0
1,2,3,-1
1,2,3,-1
40,0,40,40
1,2,3,-1
2,2,4,0
1,1,2,0
3,33,36,-30
4,12,16,-8
2,4,6,-2
1,2,3,-1
1,1,2,0
33,27,60,6
4,1,5,3
1,3,4,-2
10,0,10,10
10,0,10,10
1,1,2,0
9,3,12,6
2,2,4,0
37,13,50,24
6,0,6,6
1,1,2,0
6,4,10,2
2,1,3,1
2,1,3,1
3,1,4,2
3,1,4,2
3,2,5,1
7,5,12,2
3,1,4,2
6,3,9,3
5,3,8,2
9,5,14,4
2,1,3,1
4,1,5,3
3,1,4,2
15,0,15,15
1,1,2,0
3,0,3,3
2,2,4,0
6,4,10,2
7,7,14,0
4,0,4,4
21,8,29,13
14,0,14,14
6,6,12,0
0,0,0,0
1,1,2,0
4,4,8,0
1,1,2,0
3,3,6,0
6,3,9,3
1,0,1,1
26,10,36,16
16,1,17,15
4,4,8,0
1,1,2,0
47,28,75,19
1,1,2,0
8,0,8,8
10,0,10,10
46,3,49,43
5,0,5,5
10,1,11,9
1,0,1,1
1,0,1,1
1,0,1,1
1,0,1,1
4,3,7,1
2,1,3,1
0,1,1,-1
1,0,1,1
4,4,8,0
1,6,7,-5
3,11,14,-8
3,3,6,0
2,1,3,1
3,0,3,3
1,1,2,0
10,0,10,10
4,4,8,0
1,0,1,1
2,0,2,2
39,12,51,27
47,20,67,27
4,0,4,4
2,0,2,2
47,2,49,45
7,2,9,5
3,0,3,3
15,1,16,14
10,10,20,0
0,2,2,-2
3,2,5,1
0,5,5,-5
0,4,4,-4
0,6,6,-6
1,1,2,0
2,4,6,-2
15,36,51,-21
0,4,4,-4
1,1,2,0
4,1,5,3
0,9,9,-9
3,5,8,-2
11,7,18,4
9,0,9,9
1,1,2,0
1,4,5,-3
2,0,2,2
1,1,2,0
4,2,6,2
4,4,8,0
9,0,9,9
2,2,4,0
7,0,7,7
6,3,9,3
10,4,14,6
7,1,8,6
3,1,4,2
3,2,5,1
1,1,2,0
1,1,2,0
8,0,8,8
14,10,24,4
1,1,2,0
13,5,18,8
2,2,4,0
1,2,3,-1
4,4,8,0
182,0,182,182
6,1,7,5
3,1,4,2
14,0,14,14
3,1,4,2
26,15,41,11
58,20,78,38
8,0,8,8
5,1,6,4
5,1,6,4
4,0,4,4
4,0,4,4
14,1,15,13
40,0,40,40
6,2,8,4
30,1,31,29
20,0,20,20
4,1,5,3
5,2,7,3
4,0,4,4
4,0,4,4
1,0,1,1
1,0,1,1
0,4,4,-4
11,9,20,2
1,1,2,0
32,6,38,26
17,16,33,1
1,0,1,1
1,0,1,1
1,0,1,1
1,0,1,1
5,0,5,5
2,3,5,-1
5,4,9,1
48,0,48,48
2,1,3,1
3,2,5,1
21,65,86,-44
8,7,15,1
1,1,2,0
5,1,6,4
32,9,41,23
3,3,6,0
4,3,7,1
3,2,5,1
2,3,5,-1
6,6,12,0
15,15,30,0
1,0,1,1
180,0,180,180
1,1,2,0
8,1,9,7
28,0,28,28
9,3,12,6
60,18,78,42
10,0,10,10
5,4,9,1
3,1,4,2
1,1,2,0
1,1,2,0
1,1,2,0
233,0,233,233
3,0,3,3
37,0,37,37
1,0,1,1
1,0,1,1
1,0,1,1
4,0,4,4
4,0,4,4
9,0,9,9
41,0,41,41
1,1,2,0
3,2,5,1
14,6,20,8
5,0,5,5
23,4,27,19
57,22,79,35
3,0,3,3
32,5,37,27
1,2,3,-1
1,26,27,-25
8,6,14,2
2,3,5,-1
9,0,9,9
7,7,14,0
3,1,4,2
0,0,0,0
1,1,2,0
15,20,35,-5
1,1,2,0
1,1,2,0
6,6,12,0
5,5,10,0
38,37,75,1
34,0,34,34
1,1,2,0
5,1,6,4
3,1,4,2
1,1,2,0
22,2,24,20
3,1,4,2
18,1,19,17
6,1,7,5
1,1,2,0
1,1,2,0
12,5,17,7
4,0,4,4
4,0,4,4
2,4,6,-2
8,0,8,8
2,2,4,0
13,3,16,10
13,1,14,12
39,14,53,25
4,0,4,4
22,4,26,18
10,1,11,9
1,3,4,-2
5,18,23,-13
23,12,35,11
8,8,16,0
9,1,10,8
0,1,1,-1
0,1,1,-1
2,1,3,1
66,22,88,44
3,10,13,-7
4,0,4,4
4,0,4,4
12,0,12,12
2,0,2,2
7,1,8,6
0,34,34,-34
0,6,6,-6
2,3,5,-1
7,4,11,3
57,0,57,57
10,15,25,-5
8,0,8,8
2,5,7,-3
25,2,27,23
12,5,17,7
8,9,17,-1
9,8,17,1
6,6,12,0
2,2,4,0
4,4,8,0
42,5,47,37
2,27,29,-25
6,47,53,-41
8,45,53,-37
55,0,55,55
153,0,153,153
11,124,135,-113
19,10,29,9
9,6,15,3
21,16,37,5
2,2,4,0
19,20,39,-1
93,0,93,93
1,4,5,-3
6,4,10,2
6,11,17,-5
9,0,9,9
2,0,2,2
11,0,11,11
13,0,13,13
2,2,4,0
13,19,32,-6
8,13,21,-5
24,0,24,24
19,0,19,19
6,3,9,3
2,4,6,-2
11,12,23,-1
3,3,6,0
41,17,58,24
11,0,11,11
31,10,41,21
26,1,27,25
67,0,67,67
20,21,41,-1
63,31,94,32
8,0,8,8
9,6,15,3
1,1,2,0
5,1,6,4
1,1,2,0
2,2,4,0
1,1,2,0
1,2,3,-1
5,1,6,4
1,1,2,0
7,1,8,6
9,4,13,5
2,1,3,1
14,0,14,14
3,2,5,1
1,0,1,1
3,1,4,2
1,1,2,0
4,1,5,3
2,2,4,0
6,5,11,1
5,4,9,1
3,4,7,-1
10,0,10,10
5,0,5,5
76,0,76,76
33,6,39,27
46,36,82,10
5,0,5,5
6,1,7,5
5,0,5,5
1,1,2,0
21,0,21,21
4,4,8,0
13,6,19,7
18,32,50,-14
21,0,21,21
1,1,2,0
3,0,3,3
16,3,19,13
5,0,5,5
4,2,6,2
8,1,9,7
2,2,4,0
3,3,6,0
1,1,2,0
8,2,10,6
4,0,4,4
48,29,77,19
5,0,5,5
47,31,78,16
11,0,11,11
23,28,51,-5
13,4,17,9
4,4,8,0
0,46,46,-46
27,0,27,27
1,1,2,0
80,0,80,80
1,1,2,0
3,2,5,1
1,1,2,0
0,9,9,-9
9,1,10,8
2,1,3,1
9,7,16,2
10,0,10,10
17,1,18,16
3,0,3,3
10,0,10,10
1,0,1,1
5,0,5,5
3,2,5,1
1,1,2,0
51,75,126,-24
8,0,8,8
1,1,2,0
1,1,2,0
0,77,77,-77
0,21,21,-21
1,2,3,-1
0,4,4,-4
0,1,1,-1
0,1,1,-1
0,1,1,-1
11,0,11,11
43,0,43,43
6,35,41,-29
1,3,4,-2
8,1,9,7
14,0,14,14
20,3,23,17
4,3,7,1
4,0,4,4
8,5,13,3
22,1,23,21
25,28,53,-3
3,3,6,0
2,2,4,0
2,2,4,0
10,33,43,-23
5,3,8,2
65,13,78,52
12,7,19,5
18,69,87,-51
2,2,4,0
23,11,34,12
21,13,34,8
2,5,7,-3
1,1,2,0
2,5,7,-3
9,7,16,2
14,1,15,13
16,17,33,-1
63,80,143,-17
3,0,3,3
4,1,5,3
5,3,8,2
30,5,35,25
2,2,4,0
45,0,45,45
0,10,10,-10
144,0,144,144
4,12,16,-8
1,0,1,1
2,0,2,2
1,0,1,1
2,0,2,2
12,16,28,-4
10,4,14,6
0,93,93,-93
0,4,4,-4
9,0,9,9
91,64,155,27
3,1,4,2
24,35,59,-11
1,1,2,0
2,2,4,0
3,1,4,2
1,0,1,1
39,33,72,6
27,2,29,25
26,14,40,12
8,10,18,-2
2,2,4,0
15,7,22,8
7,0,7,7
9,2,11,7
37,0,37,37
0,47,47,-47
45,0,45,45
5,0,5,5
1,1,2,0
7,0,7,7
10,5,15,5
1,2,3,-1
0,1,1,-1
5,0,5,5
13,6,19,7
5,0,5,5
6,0,6,6
14,2,16,12
11,2,13,9
11,2,13,9
13,1,14,12
5,0,5,5
12,1,13,11
5,15,20,-10
27,27,54,0
0,3,3,-3
1,5,6,-4
0,14,14,-14
0,70,70,-70
0,1,1,-1
0,1,1,-1
13,13,26,0
12,12,24,0
53,53,106,0
5,8,13,-3
0,0,0,0
1,1,2,0
17,1,18,16
17,1,18,16
9,12,21,-3
3,3,6,0
13,13,26,0
3,0,3,3
0,1,1,-1
0,1,1,-1
21,0,21,21
12,6,18,6
1,1,2,0
11,1,12,10
6,1,7,5
2,2,4,0
23,0,23,23
3,0,3,3
3,0,3,3
4,0,4,4
2,2,4,0
8,1,9,7
10,1,11,9
2,25,27,-23
28,11,39,17
1,12,13,-11
2,1,3,1
33,10,43,23
1,1,2,0
1,1,2,0
6,1,7,5
5,1,6,4
0,2,2,-2
2,2,4,0
13,2,15,11
28,6,34,22
15,1,16,14
1,1,2,0
3,1,4,2
46,26,72,20
18,4,22,14
5,4,9,1
0,3,3,-3
8,6,14,2
6,6,12,0
2,2,4,0
2,2,4,0
2,2,4,0
8,8,16,0
10,10,20,0
11,11,22,0
2,2,4,0
7,7,14,0
2,2,4,0
2,2,4,0
2,2,4,0
3,3,6,0
27,27,54,0
2,2,4,0
4,4,8,0
3,3,6,0
4,4,8,0
1,1,2,0
2,2,4,0
9,9,18,0
2,2,4,0
1,1,2,0
4,4,8,0
1,1,2,0
22,2,24,20
27,0,27,27
1,2,3,-1
7,3,10,4
1,1,2,0
1,1,2,0
3,1,4,2
2,2,4,0
2,2,4,0
2,2,4,0
1,1,2,0
3,0,3,3
23,27,50,-4
15,0,15,15
9,0,9,9
6,0,6,6
1,1,2,0
2,2,4,0
11,0,11,11
20,3,23,17
3,7,10,-4
1,1,2,0
2,2,4,0
31,3,34,28
1,5,6,-4
1,1,2,0
3,4,7,-1
13,22,35,-9
19,43,62,-24
2,2,4,0
1,1,2,0
7,6,13,1
2,1,3,1
1,1,2,0
18,23,41,-5
4,0,4,4
2,0,2,2
68,0,68,68
1,1,2,0
12,10,22,2
2,2,4,0
41,23,64,18
1,1,2,0
32,0,32,32
0,18,18,-18
2,1,3,1
1,1,2,0
17,3,20,14
5,4,9,1
8,0,8,8
4,3,7,1
5,1,6,4
11,1,12,10
15,1,16,14
14,1,15,13
16,0,16,16
3,0,3,3
3,0,3,3
3,0,3,3
6,0,6,6
14,0,14,14
5,0,5,5
15,0,15,15
14,7,21,7
110,0,110,110
18,0,18,18
68,0,68,68
16,79,95,-63
60,0,60,60
3,2,5,1
30,65,95,-35
3,2,5,1
3,2,5,1
5,5,10,0
6,10,16,-4
17,1,18,16
38,4,42,34
17,19,36,-2
2,2,4,0
1,1,2,0
2,2,4,0
18,10,28,8
1,1,2,0
10,0,10,10
39,0,39,39
102,79,181,23
3,10,13,-7
0,4,4,-4
1,1,2,0
2,1,3,1
23,10,33,13
1,1,2,0
1,1,2,0
5,3,8,2
1,0,1,1
0,16,16,-16
8,1,9,7
0,48,48,-48
0,3,3,-3
4,0,4,4
8,0,8,8
1,0,1,1
1,0,1,1
1,0,1,1
1,1,2,0
1,1,2,0
7,1,8,6
1,1,2,0
4,4,8,0
1,1,2,0
9,0,9,9
9,3,12,6
3,1,4,2
1,1,2,0
8,0,8,8
3,4,7,-1
1,3,4,-2
6,1,7,5
8,1,9,7
1,0,1,1
1,5,6,-4
1,0,1,1
35,12,47,23
116,0,116,116
8,0,8,8
348,0,348,348
58,50,108,8
1,1,2,0
10,10,20,0
0,1,1,-1
41,43,84,-2
10,12,22,-2
1,1,2,0
34,35,69,-1
2,2,4,0
4,4,8,0
6,6,12,0
2,1,3,1
1,2,3,-1
2,2,4,0
2,1,3,1
13,11,24,2
1,0,1,1
2,3,5,-1
4,4,8,0
2,1,3,1
4,3,7,1
3,2,5,1
0,1,1,-1
6,5,11,1
10,11,21,-1
1,1,2,0
4,4,8,0
2,2,4,0
1,1,2,0
1,1,2,0
4,4,8,0
6,6,12,0
2,3,5,-1
2,2,4,0
2,1,3,1
9,12,21,-3
19,22,41,-3
1,0,1,1
1,1,2,0
2,2,4,0
4,4,8,0
1,1,2,0
1,4,5,-3
5,5,10,0
2,4,6,-2
1,1,2,0
1,3,4,-2
2,2,4,0
41,41,82,0
1,4,5,-3
1,1,2,0
1,2,3,-1
1,1,2,0
1,1,2,0
2,1,3,1
3,3,6,0
1,0,1,1
3,2,5,1
4,4,8,0
10,10,20,0
2,1,3,1
19,19,38,0
2,1,3,1
8,8,16,0
13,13,26,0
1,2,3,-1
15,17,32,-2
7,6,13,1
2,1,3,1
14,11,25,3
7,4,11,3
2,1,3,1
23,20,43,3
2,1,3,1
5,6,11,-1
4,3,7,1
2,1,3,1
14,11,25,3
2,3,5,-1
1,1,2,0
1,0,1,1
1,1,2,0
1,1,2,0
2,1,3,1
10,10,20,0
3,4,7,-1
1,2,3,-1
1,1,2,0
5,3,8,2
1,1,2,0
1,1,2,0
1,1,2,0
5,4,9,1
4,4,8,0
2,0,2,2
4,4,8,0
1,1,2,0
2,2,4,0
3,2,5,1
1,1,2,0
4,3,7,1
4,3,7,1
1,1,2,0
4,4,8,0
2,2,4,0
8,8,16,0
4,5,9,-1
12,10,22,2
11,9,20,2
12,10,22,2
12,10,22,2
12,10,22,2
12,10,22,2
12,10,22,2
4,3,7,1
21,19,40,2
18,16,34,2
3,3,6,0
1,1,2,0
1,1,2,0
2,1,3,1
14,14,28,0
6,3,9,3
24,22,46,2
1,1,2,0
1,0,1,1
1,2,3,-1
2,2,4,0
2,2,4,0
1,2,3,-1
2,1,3,1
6,6,12,0
2,2,4,0
1,1,2,0
15,13,28,2
1,1,2,0
2,2,4,0
9,16,25,-7
0,2,2,-2
16,12,28,4
15,12,27,3
4,3,7,1
19,15,34,4
1,1,2,0
1,2,3,-1
1,2,3,-1
1,1,2,0
1,1,2,0
3,3,6,0
2,3,5,-1
1,1,2,0
2,3,5,-1
2,2,4,0
1,2,3,-1
1,2,3,-1
18,18,36,0
5,5,10,0
2,2,4,0
1,1,2,0
3,3,6,0
3,3,6,0
4,0,4,4
3,3,6,0
3,0,3,3
1,1,2,0
2,0,2,2
4,4,8,0
11,11,22,0
2,2,4,0
6,7,13,-1
2,1,3,1
8,8,16,0
2,2,4,0
1,2,3,-1
1,1,2,0
1,1,2,0
3,0,3,3
1,1,2,0
2,0,2,2
2,2,4,0
1,3,4,-2
5,5,10,0
4,4,8,0
1,1,2,0
2,4,6,-2
12,9,21,3
14,12,26,2
12,10,22,2
5,5,10,0
3,2,5,1
19,16,35,3
1,1,2,0
6,3,9,3
4,2,6,2
2,2,4,0
2,2,4,0
11,8,19,3
4,3,7,1
0,1,1,-1
2,1,3,1
2,1,3,1
2,3,5,-1
1,2,3,-1
1,2,3,-1
17,18,35,-1
8,8,16,0
8,6,14,2
2,1,3,1
3,2,5,1
3,2,5,1
5,7,12,-2
2,1,3,1
3,2,5,1
2,1,3,1
2,1,3,1
13,12,25,1
2,1,3,1
2,1,3,1
4,2,6,2
5,3,8,2
2,1,3,1
16,48,64,-32
2,1,3,1
7,5,12,2
4,3,7,1
2,1,3,1
2,1,3,1
1,1,2,0
3,2,5,1
6,5,11,1
3,2,5,1
4,4,8,0
1,1,2,0
1,1,2,0
5,4,9,1
24,24,48,0
3,2,5,1
19,23,42,-4
47,47,94,0
4,3,7,1
14,8,22,6
4,3,7,1
3,2,5,1
2,1,3,1
2,2,4,0
5,4,9,1
7,8,15,-1
4,7,11,-3
16,11,27,5
1,1,2,0
11,7,18,4
1,1,2,0
5,5,10,0
2,2,4,0
11,11,22,0
4,4,8,0
1,0,1,1
2,1,3,1
3,2,5,1
7,7,14,0
1,0,1,1
2,2,4,0
1,0,1,1
1,1,2,0
1,1,2,0
4,3,7,1
1,1,2,0
45,0,45,45
10,0,10,10
16,5,21,11
9,1,10,8
28,26,54,2
5,5,10,0
5,0,5,5
4,0,4,4
25,9,34,16
23,0,23,23
2,0,2,2
2,0,2,2
2,0,2,2
1,0,1,1
2,0,2,2
6,0,6,6
13,0,13,13
42,2,44,40
4,6,10,-2
20,0,20,20
0,20,20,-20
1,0,1,1
1,3,4,-2
4,15,19,-11
7,7,14,0
1,1,2,0
2,1,3,1
14,1,15,13
0,1,1,-1
0,1,1,-1
0,1,1,-1
0,1,1,-1
38,16,54,22
3,0,3,3
0,1,1,-1
11,27,38,-16
5,6,11,-1
0,1,1,-1
67,0,67,67
0,1,1,-1
0,3,3,-3
0,7,7,-7
0,8,8,-8
9,7,16,2
11,15,26,-4
2,1,3,1
2,8,10,-6
88,0,88,88
0,29,29,-29
19,16,35,3
1,4,5,-3
4,1,5,3
1,1,2,0
75,30,105,45
4,0,4,4
2,2,4,0
5,11,16,-6
4,4,8,0
3,0,3,3
66,0,66,66
1,0,1,1
1,0,1,1
1,0,1,1
1,1,2,0
2,62,64,-60
12,7,19,5
13,11,24,2
1,1,2,0
2,2,4,0
10,0,10,10
3,0,3,3
1,1,2,0
1,1,2,0
22,0,22,22
68,2,70,66
1,1,2,0
2,2,4,0
4,1,5,3
10,0,10,10
3,3,6,0
1,1,2,0
3,2,5,1
1,1,2,0
4,0,4,4
3,1,4,2
1,1,2,0
26,0,26,26
1,1,2,0
0,0,0,0
262,33,295,229
3,1,4,2
9,0,9,9
37,0,37,37
4,4,8,0
1,1,2,0
29,18,47,11
24,6,30,18
7,5,12,2
3,0,3,3
14,13,27,1
1,1,2,0
0,5,5,-5
3,2,5,1
1,6,7,-5
0,4,4,-4
1,0,1,1
1,0,1,1
1,0,1,1
3,2,5,1
2,2,4,0
0,1,1,-1
2,2,4,0
1,1,2,0
2,2,4,0
2,1,3,1
1,1,2,0
1,0,1,1
1,1,2,0
1,0,1,1
1,1,2,0
1,1,2,0
0,1,1,-1
1,1,2,0
1,1,2,0
1,1,2,0
2,2,4,0
2,2,4,0
1,1,2,0
1,1,2,0
2,2,4,0
1,1,2,0
1,1,2,0
1,1,2,0
1,1,2,0
1,1,2,0
1,1,2,0
1,1,2,0
1,1,2,0
1,1,2,0
4,4,8,0
2,2,4,0
5,5,10,0
1,1,2,0
1,1,2,0
2,2,4,0
1,3,4,-2
1,0,1,1
1,1,2,0
1,1,2,0
1,1,2,0
2,1,3,1
1,1,2,0
1,1,2,0
1,1,2,0
1,1,2,0
1,1,2,0
1,1,2,0
1,1,2,0
1,1,2,0
1,1,2,0
1,1,2,0
1,1,2,0
1,1,2,0
6,6,12,0
1,1,2,0
3,3,6,0
12,15,27,-3
3,6,9,-3
1,8,9,-7
11,7,18,4
9,30,39,-21
7,4,11,3
2,0,2,2
44,53,97,-9
23,20,43,3
5,4,9,1
2,0,2,2
17,23,40,-6
17,17,34,0
0,1,1,-1
12,9,21,3
45,18,63,27
6,2,8,4
5,5,10,0
16,13,29,3
6,0,6,6
7,8,15,-1
22,24,46,-2
2,2,4,0
1,1,2,0
3,1,4,2
3,4,7,-1
0,1,1,-1
0,1,1,-1
22,18,40,4
1,1,2,0
13,13,26,0
0,1,1,-1
7,14,21,-7
126,154,280,-28
1,1,2,0
3,3,6,0
1,1,2,0
4,3,7,1
1,1,2,0
1,1,2,0
1,1,2,0
3,3,6,0
1,0,1,1
2,1,3,1
19,1,20,18
15,0,15,15
1,3,4,-2
22,3,25,19
1,0,1,1
9,4,13,5
1,1,2,0
1,1,2,0
1,6,7,-5
16,2,18,14
13,9,22,4
22,0,22,22
105,92,197,13
1,1,2,0
11,13,24,-2
1,2,3,-1
4,4,8,0
13,14,27,-1
8,8,16,0
3,5,8,-2
20,47,67,-27
226,226,452,0
108,108,216,0
25,25,50,0
10,11,21,-1
4,5,9,-1
10,0,10,10
34,11,45,23
1,1,2,0
1,1,2,0
1,1,2,0
1,1,2,0
1,1,2,0
1,1,2,0
1,1,2,0
1,1,2,0
2,2,4,0
3,3,6,0
1,1,2,0
3,3,6,0
2,2,4,0
1,1,2,0
1,1,2,0
1,1,2,0
1,1,2,0
1,1,2,0
1,1,2,0
1,1,2,0
3,3,6,0
3,3,6,0
5,5,10,0
2,2,4,0
1,1,2,0
1,1,2,0
1,1,2,0
1,1,2,0
1,1,2,0
1,1,2,0
4,4,8,0
1,1,2,0
1,1,2,0
2,2,4,0
1,1,2,0
4,4,8,0
1,1,2,0
1,1,2,0
1,1,2,0
1,1,2,0
2,2,4,0
1,1,2,0
1,1,2,0
1,1,2,0
1,1,2,0
1,1,2,0
1,1,2,0
2,2,4,0
2,2,4,0
1,1,2,0
1,1,2,0
1,1,2,0
2,2,4,0
1,1,2,0
1,1,2,0
1,1,2,0
1,1,2,0
1,1,2,0
2,2,4,0
9,9,18,0
2,2,4,0
2,2,4,0
1,1,2,0
2,2,4,0
1,1,2,0
4,4,8,0
1,1,2,0
4,4,8,0
1,1,2,0
1,1,2,0
1,1,2,0
1,1,2,0
3,0,3,3
18,53,71,-35
8,0,8,8
3,0,3,3
9,0,9,9
3,1,4,2
7,2,9,5
2,1,3,1
24,0,24,24
39,0,39,39
2,2,4,0
17,7,24,10
36,7,43,29
1,3,4,-2
2,2,4,0
5,2,7,3
71,0,71,71
23,16,39,7
3,0,3,3
1,0,1,1
2,0,2,2
1,1,2,0
18,0,18,18
106,98,204,8
3,3,6,0
645,155,800,490
18,10,28,8
1,1,2,0
1,1,2,0
2,2,4,0
1,2,3,-1
9,0,9,9
2,2,4,0
0,2,2,-2
0,2,2,-2
0,1,1,-1
0,4,4,-4
0,1,1,-1
0,2,2,-2
1,1,2,0
7,0,7,7
26,2,28,24
3,11,14,-8
11,0,11,11
0,0,0,0
0,0,0,0
1,0,1,1
6,8,14,-2
5,7,12,-2
1,1,2,0
11,6,17,5
5,2,7,3
3,10,13,-7
25,1,26,24
27,20,47,7
4,0,4,4
6,1,7,5
2,2,4,0
4,8,12,-4
3,3,6,0
1,1,2,0
9,5,14,4
7,6,13,1
18,32,50,-14
3,3,6,0
1,1,2,0
1,1,2,0
8,2,10,6
49,11,60,38
10,33,43,-23
3,3,6,0
2,1,3,1
2,1,3,1
2,1,3,1
2,1,3,1
2,1,3,1
2,2,4,0
3,3,6,0
142,0,142,142
10,156,166,-146
27,0,27,27
8,5,13,3
9,5,14,4
1,0,1,1
2,0,2,2
1,6,7,-5
1,2,3,-1
1,1,2,0
2,3,5,-1
31,0,31,31
15,8,23,7
1,1,2,0
1,7,8,-6
5,1,6,4
8,4,12,4
1,2,3,-1
2,1,3,1
37,0,37,37
3,4,7,-1
39,6,45,33
5,2,7,3
14,5,19,9
3,1,4,2
0,4,4,-4
3,1,4,2
1,1,2,0
12,0,12,12
8,0,8,8
0,0,0,0
0,0,0,0
0,0,0,0
0,0,0,0
0,0,0,0
1,0,1,1
18,10,28,8
5,3,8,2
0,11,11,-11
18,8,26,10
7,7,14,0
2,11,13,-9
29,26,55,3
16,15,31,1
5,7,12,-2
14,0,14,14
35,75,110,-40
3,17,20,-14
1,1,2,0
48,54,102,-6
3,2,5,1
85,53,138,32
16,0,16,16
37,7,44,30
13,6,19,7
19,3,22,16
4,0,4,4
5,8,13,-3
4,4,8,0
3,8,11,-5
1,6,7,-5
0,1,1,-1
1,1,2,0
2,4,6,-2
23,23,46,0
1,1,2,0
1,7,8,-6
3,3,6,0
14,19,33,-5
6,14,20,-8
1,1,2,0
12,7,19,5
15,23,38,-8
7,9,16,-2
13,27,40,-14
1,1,2,0
1,1,2,0
5,6,11,-1
1,1,2,0
1,1,2,0
1,1,2,0
19,10,29,9
3,4,7,-1
2,2,4,0
1,0,1,1
114,104,218,10
0,0,0,0
0,0,0,0
0,0,0,0
2,1,3,1
22,2,24,20
1,1,2,0
2,2,4,0
12,11,23,1
3,6,9,-3
1,1,2,0
6,6,12,0
11,10,21,1
4,4,8,0
2,1,3,1
11,9,20,2
7,2,9,5
29,0,29,29
4,0,4,4
1,1,2,0
1,1,2,0
21,0,21,21
24,0,24,24
68,0,68,68
15,1,16,14
9,0,9,9
1,1,2,0
3,3,6,0
1,1,2,0
29,25,54,4
7,7,14,0
20,7,27,13
1,0,1,1
1,1,2,0
46,0,46,46
1,1,2,0
14,3,17,11
1,1,2,0
1,1,2,0
3,0,3,3
40,22,62,18
9,4,13,5
3,2,5,1
3,6,9,-3
1,0,1,1
2,1,3,1
10,2,12,8
1,1,2,0
99,102,201,-3
1,1,2,0
0,0,0,0
0,0,0,0
4,0,4,4
1,1,2,0
0,10,10,-10
5,2,7,3
1,1,2,0
1,1,2,0
9,1,10,8
4,1,5,3
6,3,9,3
2,2,4,0
5,0,5,5
11,5,16,6
1,1,2,0
9,1,10,8
8,0,8,8
1,0,1,1
1,1,2,0
15,0,15,15
28,0,28,28
3,12,15,-9
6,24,30,-18
2,2,4,0
2,3,5,-1
1,0,1,1
0,361,361,-361
3,2,5,1
4,4,8,0
1,0,1,1
2,2,4,0
11,9,20,2
204,0,204,204
88,0,88,88
8,6,14,2
40,0,40,40
67,0,67,67
105,0,105,105
1,1,2,0
2,7,9,-5
6,6,12,0
4,11,15,-7
1,0,1,1
13,13,26,0
1,0,1,1
18,1,19,17
0,2,2,-2
5,6,11,-1
10,9,19,1
3,3,6,0
1,1,2,0
5,5,10,0
1,1,2,0
2,2,4,0
2,2,4,0
1,1,2,0
2,2,4,0
1,1,2,0
0,1,1,-1
0,1,1,-1
0,1,1,-1
0,1,1,-1
0,1,1,-1
0,1,1,-1
0,1,1,-1
0,1,1,-1
0,1,1,-1
0,1,1,-1
1,0,1,1
1,1,2,0
0,1,1,-1
0,1,1,-1
0,1,1,-1
1,1,2,0
0,1,1,-1
0,1,1,-1
1,1,2,0
0,1,1,-1
0,1,1,-1
1,1,2,0
0,1,1,-1
1,1,2,0
0,1,1,-1
0,1,1,-1
0,1,1,-1
3,1,4,2
2,3,5,-1
27,28,55,-1
0,1,1,-1
0,1,1,-1
2,2,4,0
6,6,12,0
989,978,1967,11
10,10,20,0
0,1,1,-1
0,1,1,-1
1,1,2,0
2,2,4,0
3,4,7,-1
1,1,2,0
2,5,7,-3
2,2,4,0
2,3,5,-1
1,1,2,0
1,1,2,0
28,28,56,0
6,6,12,0
34,28,62,6
1,0,1,1
18,5,23,13
9,4,13,5
17,12,29,5
4,6,10,-2
1,1,2,0
0,1,1,-1
3,0,3,3
46,60,106,-14
0,1,1,-1
1,5,6,-4
2,1,3,1
5,6,11,-1
17,10,27,7
1,6,7,-5
0,1,1,-1
21,14,35,7
2,2,4,0
6,1,7,5
51,110,161,-59
49,83,132,-34
5,11,16,-6
3,2,5,1
4,0,4,4
38,8,46,30
21,5,26,16
1,0,1,1
1,0,1,1
1,0,1,1
2,1,3,1
0,2,2,-2
1,0,1,1
16,0,16,16
22,21,43,1
1,0,1,1
0,34,34,-34
2,1,3,1
14,0,14,14
13,0,13,13
6,0,6,6
0,1,1,-1
6,3,9,3
7,0,7,7
14,8,22,6
6,3,9,3
10,5,15,5
7,0,7,7
26,3,29,23
5,0,5,5
1,1,2,0
1,1,2,0
10,29,39,-19
4,3,7,1
1,1,2,0
5,2,7,3
2,2,4,0
17,13,30,4
21,0,21,21
1,1,2,0
2,7,9,-5
6,3,9,3
5,1,6,4
2,0,2,2
14,0,14,14
1,1,2,0
1,2,3,-1
1,1,2,0
1,1,2,0
29,7,36,22
2,2,4,0
3,3,6,0
1,1,2,0
47,28,75,19
26,0,26,26
2,2,4,0
1,1,2,0
1,0,1,1
132,0,132,132
19,0,19,19
6,7,13,-1
71,35,106,36
13,3,16,10
8,2,10,6
12,12,24,0
2,1,3,1
7,0,7,7
16,1,17,15
4,7,11,-3
88,116,204,-28
1,1,2,0
5,2,7,3
2,2,4,0
2,2,4,0
34,0,34,34
76,5,81,71
20,9,29,11
4,0,4,4
1,0,1,1
1,1,2,0
2,1,3,1
5,33,38,-28
3,2,5,1
8,0,8,8
1,1,2,0
1,1,2,0
1,1,2,0
8,2,10,6
1,5,6,-4
4,0,4,4
13,2,15,11
14,3,17,11
2,3,5,-1
0,8,8,-8
7,1,8,6
15,6,21,9
1,1,2,0
4,2,6,2
1,1,2,0
1,1,2,0
4,2,6,2
1,1,2,0
1,1,2,0
3,2,5,1
1,0,1,1
2,7,9,-5
8,17,25,-9
220,0,220,220
13,0,13,13
4,0,4,4
8,0,8,8
1,1,2,0
5,1,6,4
0,2,2,-2
9,4,13,5
2,3,5,-1
0,1,1,-1
9,2,11,7
5,4,9,1
22,10,32,12
2,2,4,0
6,6,12,0
6,0,6,6
1,1,2,0
4,6,10,-2
9,0,9,9
30,26,56,4
26,0,26,26
1,3,4,-2
8,3,11,5
3,0,3,3
3,0,3,3
8,3,11,5
5,4,9,1
17,5,22,12
18,1,19,17
19,0,19,19
1,0,1,1
16,5,21,11
14,0,14,14
18,1,19,17
5,0,5,5
14,4,18,10
17,5,22,12
15,2,17,13
22,0,22,22
68,21,89,47
7,1,8,6
41,25,66,16
18,10,28,8
13,24,37,-11
31,1,32,30
1,1,2,0
1,0,1,1
6,2,8,4
5,6,11,-1
0,8,8,-8
1,3,4,-2
3,0,3,3
8,2,10,6
4,0,4,4
2,0,2,2
1,0,1,1
10,0,10,10
1,1,2,0
14,0,14,14
8,2,10,6
9,1,10,8
4,0,4,4
5,17,22,-12
1,1,2,0
21,10,31,11
1,2,3,-1
0,7,7,-7
4,3,7,1
0,7,7,-7
4,3,7,1
2,1,3,1
7,0,7,7
49,5,54,44
41,0,41,41
4,0,4,4
16,3,19,13
149,27,176,122
2,2,4,0
11,2,13,9
14,0,14,14
44,1,45,43
15,0,15,15
2,2,4,0
0,18,18,-18
64,65,129,-1
33,2,35,31
12,32,44,-20
2,3,5,-1
1,1,2,0
2,1,3,1
7,0,7,7
49,5,54,44
41,0,41,41
0,2,2,-2
2,0,2,2
10,2,12,8
1,0,1,1
141,0,141,141
3,1,4,2
3,1,4,2
10,0,10,10
25,5,30,20
0,0,0,0
2,2,4,0
25,2,27,23
2,0,2,2
15,2,17,13
31,3,34,28
1062,0,1062,1062
31,3,34,28
1062,0,1062,1062
32,16,48,16
6,1,7,5
3,3,6,0
18,12,30,6
2,4,6,-2
154,77,231,77
21,1,22,20
28,16,44,12
2,2,4,0
23,18,41,5
64,40,104,24
5,0,5,5
1,1,2,0
10,5,15,5
5,1,6,4
52,67,119,-15
1,1,2,0
2,2,4,0
5,3,8,2
8,8,16,0
2,2,4,0
2,2,4,0
8,8,16,0
4,4,8,0
5,5,10,0
5,5,10,0
5,5,10,0
0,4,4,-4
11,11,22,0
7,8,15,-1
5,6,11,-1
6,6,12,0
3,3,6,0
4,4,8,0
2,2,4,0
2,2,4,0
2,2,4,0
4,4,8,0
2,2,4,0
2,2,4,0
2,2,4,0
4,4,8,0
3,3,6,0
3,3,6,0
3,3,6,0
3,3,6,0
5,5,10,0
3,3,6,0
4,6,10,-2
2,2,4,0
3,3,6,0
5,5,10,0
2,2,4,0
5,5,10,0
2,2,4,0
2,2,4,0
2,2,4,0
2,2,4,0
5,6,11,-1
2,2,4,0
5,5,10,0
2,2,4,0
4,5,9,-1
2,2,4,0
4,4,8,0
3,3,6,0
2,2,4,0
6,6,12,0
19,20,39,-1
2,2,4,0
2,2,4,0
8,8,16,0
16,17,33,-1
2,2,4,0
7,7,14,0
3,3,6,0
6,6,12,0
4,4,8,0
3,3,6,0
3,3,6,0
4,4,8,0
3,3,6,0
6,6,12,0
7,7,14,0
2,2,4,0
4,4,8,0
2,1,3,1
3,3,6,0
5,5,10,0
2,2,4,0
7,7,14,0
23,22,45,1
3,3,6,0
2,2,4,0
5,5,10,0
4,10,14,-6
6,6,12,0
2,2,4,0
9,9,18,0
6,3,9,3
0,3,3,-3
7,7,14,0
7,7,14,0
8,8,16,0
3,3,6,0
6,6,12,0
5,5,10,0
7,7,14,0
2,2,4,0
6,6,12,0
10,10,20,0
28,31,59,-3
14,14,28,0
9,9,18,0
5,5,10,0
3,3,6,0
3,3,6,0
3,3,6,0
6,6,12,0
6,6,12,0
8,9,17,-1
2,2,4,0
7,7,14,0
2,2,4,0
11,11,22,0
9,9,18,0
3,3,6,0
5,6,11,-1
4,10,14,-6
5,5,10,0
0,2,2,-2
2,2,4,0
7,7,14,0
11,4,15,7
4,4,8,0
17,3,20,14
5,0,5,5
18,5,23,13
43,46,89,-3
5,0,5,5
9,3,12,6
10,2,12,8
7,2,9,5
14,1,15,13
1,1,2,0
1,1,2,0
1,1,2,0
8,4,12,4
5,0,5,5
2,1,3,1
1,1,2,0
1,1,2,0
13,1,14,12
19,0,19,19
1,0,1,1
9,5,14,4
3,2,5,1
2,1,3,1
2,1,3,1
1,1,2,0
22,20,42,2
4,0,4,4
3,2,5,1
3,3,6,0
0,1,1,-1
1,1,2,0
1,1,2,0
3,2,5,1
7,2,9,5
7,1,8,6
1,1,2,0
11,3,14,8
9,6,15,3
0,2,2,-2
3,0,3,3
61,30,91,31
16,2,18,14
4,0,4,4
12,9,21,3
6,3,9,3
8,10,18,-2
2,2,4,0
3,2,5,1
2,2,4,0
24,18,42,6
5,4,9,1
4,8,12,-4
13,10,23,3
5,17,22,-12
8,18,26,-10
1,1,2,0
1,1,2,0
4,4,8,0
30,29,59,1
1,1,2,0
6,1,7,5
5,0,5,5
28,12,40,16
2,1,3,1
2,1,3,1
3,3,6,0
2,0,2,2
14,0,14,14
23,6,29,17
0,0,0,0
1,1,2,0
1,1,2,0
3,3,6,0
2,2,4,0
7,0,7,7
0,9,9,-9
83,25,108,58
50,30,80,20
3,2,5,1
7,0,7,7
6,3,9,3
1,1,2,0
8,2,10,6
17,7,24,10
9,9,18,0
5,0,5,5
81,24,105,57
27,24,51,3
3,2,5,1
1,1,2,0
3,0,3,3
58,15,73,43
3,0,3,3
4,2,6,2
20,6,26,14
0,9,9,-9
7,0,7,7
11,5,16,6
21,12,33,9
36,20,56,16
2,0,2,2
23,21,44,2
1,1,2,0
5,3,8,2
1,1,2,0
5,3,8,2
5,2,7,3
10,4,14,6
8,10,18,-2
1,0,1,1
1,1,2,0
0,0,0,0
0,0,0,0
1,1,2,0
1,1,2,0
6,5,11,1
12,12,24,0
1,1,2,0
34,0,34,34
21,2,23,19
2,3,5,-1
25,0,25,25
1,1,2,0
13,14,27,-1
2,2,4,0
45,8,53,37
21,19,40,2
1,4,5,-3
8,2,10,6
2,2,4,0
2,1,3,1
2,1,3,1
36,59,95,-23
3,0,3,3
14,24,38,-10
8,8,16,0
4,8,12,-4
8,6,14,2
5,18,23,-13
7,8,15,-1
2,6,8,-4
9,6,15,3
64,64,128,0
98,101,199,-3
119,118,237,1
4,13,17,-9
34,48,82,-14
1,4,5,-3
20,20,40,0
32,28,60,4
1,1,2,0
13,10,23,3
4,12,16,-8
11,10,21,1
11,7,18,4
0,8,8,-8
4,24,28,-20
1,1,2,0
1,1,2,0
1,1,2,0
0,0,0,0
1,0,1,1
3,1,4,2
1,1,2,0
1,1,2,0
91,0,91,91
111,0,111,111
138,0,138,138
68,51,119,17
23,3,26,20
16,1,17,15
95,11,106,84
102,29,131,73
121,6,127,115
38,1,39,37
0,0,0,0
0,0,0,0
0,0,0,0
7,0,7,7
2,1,3,1
5,4,9,1
9,1,10,8
9,1,10,8
9,5,14,4
16,2,18,14
4,2,6,2
0,0,0,0
3,0,3,3
23,0,23,23
0,2,2,-2
11,9,20,2
15,5,20,10
0,0,0,0
1,1,2,0
43,35,78,8
4,10,14,-6
3,0,3,3
5,5,10,0
14,13,27,1
1,1,2,0
0,0,0,0
0,0,0,0
19,29,48,-10
4,4,8,0
1,1,2,0
35,25,60,10
4,1,5,3
2,5,7,-3
11,30,41,-19
5,5,10,0
1,1,2,0
9,6,15,3
12,19,31,-7
1,1,2,0
1,1,2,0
5,1,6,4
5,2,7,3
4,4,8,0
26,30,56,-4
1,1,2,0
17,17,34,0
20,20,40,0
1,1,2,0
4,4,8,0
1,3,4,-2
1,1,2,0
1,1,2,0
1,1,2,0
1,1,2,0
2,2,4,0
1,1,2,0
2,2,4,0
1,1,2,0
6,2,8,4
15,13,28,2
1,1,2,0
12,7,19,5
2,2,4,0
1,1,2,0
1,1,2,0
11,9,20,2
1,4,5,-3
1,1,2,0
5,16,21,-11
1,1,2,0
6,6,12,0
6,6,12,0
11,12,23,-1
0,3,3,-3
1,1,2,0
12,12,24,0
13,6,19,7
2,2,4,0
1,1,2,0
4,4,8,0
1,1,2,0
4,4,8,0
1,1,2,0
2,2,4,0
4,4,8,0
2,2,4,0
1,1,2,0
1,1,2,0
5,6,11,-1
3,1,4,2
3,3,6,0
2,2,4,0
56,29,85,27
7,7,14,0
2,2,4,0
6,6,12,0
0,3,3,-3
8,9,17,-1
10,9,19,1
14,8,22,6
1,1,2,0
17,15,32,2
1,1,2,0
1,1,2,0
1,1,2,0
3,3,6,0
1,1,2,0
2,2,4,0
1,1,2,0
2,2,4,0
2,2,4,0
5,5,10,0
24,25,49,-1
2,2,4,0
3,3,6,0
1,1,2,0
1,1,2,0
7,8,15,-1
0,1,1,-1
1,1,2,0
7,9,16,-2
2,9,11,-7
32,22,54,10
8,7,15,1
0,5,5,-5
2,2,4,0
12,14,26,-2
1,1,2,0
1,1,2,0
83,45,128,38
5,1,6,4
1,1,2,0
101,15,116,86
64,42,106,22
12,36,48,-24
22,35,57,-13
12,25,37,-13
30,27,57,3
17,0,17,17
9,7,16,2
3,7,10,-4
2,2,4,0
8,8,16,0
16,16,32,0
4,4,8,0
2,2,4,0
3,3,6,0
5,5,10,0
2,2,4,0
3,3,6,0
5,5,10,0
8,8,16,0
2,2,4,0
2,2,4,0
5,5,10,0
2,2,4,0
2,2,4,0
4,4,8,0
2,2,4,0
2,2,4,0
2,2,4,0
2,2,4,0
2,2,4,0
2,2,4,0
2,2,4,0
2,2,4,0
2,2,4,0
3,3,6,0
3,3,6,0
2,2,4,0
2,2,4,0
2,2,4,0
2,2,4,0
3,3,6,0
2,2,4,0
2,2,4,0
2,2,4,0
2,2,4,0
2,2,4,0
2,2,4,0
2,2,4,0
2,2,4,0
2,2,4,0
2,2,4,0
2,2,4,0
2,2,4,0
2,2,4,0
2,2,4,0
2,2,4,0
2,2,4,0
2,2,4,0
2,2,4,0
3,3,6,0
2,2,4,0
2,2,4,0
3,3,6,0
2,2,4,0
2,2,4,0
2,2,4,0
2,2,4,0
2,2,4,0
2,2,4,0
2,2,4,0
2,2,4,0
2,2,4,0
2,2,4,0
2,2,4,0
2,2,4,0
5,5,10,0
2,2,4,0
2,2,4,0
2,2,4,0
2,2,4,0
2,2,4,0
2,1,3,1
2,2,4,0
2,2,4,0
2,2,4,0
2,2,4,0
3,3,6,0
3,3,6,0
3,3,6,0
2,2,4,0
3,3,6,0
2,2,4,0
2,2,4,0
2,2,4,0
2,2,4,0
2,2,4,0
4,4,8,0
2,2,4,0
3,3,6,0
3,3,6,0
3,3,6,0
2,2,4,0
2,2,4,0
2,2,4,0
2,2,4,0
4,4,8,0
2,2,4,0
2,2,4,0
2,2,4,0
3,3,6,0
2,2,4,0
3,3,6,0
2,2,4,0
2,2,4,0
2,2,4,0
2,2,4,0
4,4,8,0
4,4,8,0
2,2,4,0
3,3,6,0
3,3,6,0
2,2,4,0
2,2,4,0
2,2,4,0
2,2,4,0
2,2,4,0
2,2,4,0
4,4,8,0
3,3,6,0
2,2,4,0
3,3,6,0
3,3,6,0
2,2,4,0
2,2,4,0
2,2,4,0
2,2,4,0
2,2,4,0
2,2,4,0
2,2,4,0
3,3,6,0
3,3,6,0
2,2,4,0
2,2,4,0
2,2,4,0
2,2,4,0
2,2,4,0
2,2,4,0
2,2,4,0
2,2,4,0
3,3,6,0
3,3,6,0
3,3,6,0
2,2,4,0
2,2,4,0
2,2,4,0
4,4,8,0
7,7,14,0
2,2,4,0
4,4,8,0
2,2,4,0
3,3,6,0
3,3,6,0
2,2,4,0
5,5,10,0
3,3,6,0
2,2,4,0
7,8,15,-1
2,2,4,0
2,2,4,0
2,2,4,0
2,2,4,0
2,2,4,0
2,2,4,0
2,2,4,0
2,2,4,0
2,2,4,0
2,2,4,0
2,2,4,0
2,2,4,0
2,2,4,0
2,2,4,0
2,2,4,0
2,2,4,0
2,2,4,0
3,3,6,0
3,3,6,0
3,3,6,0
2,2,4,0
2,2,4,0
2,2,4,0
2,2,4,0
3,3,6,0
3,3,6,0
3,3,6,0
2,2,4,0
5,3,8,2
2,2,4,0
4,4,8,0
5,5,10,0
3,3,6,0
4,4,8,0
3,3,6,0
2,2,4,0
2,2,4,0
3,3,6,0
2,2,4,0
3,3,6,0
2,2,4,0
2,2,4,0
2,2,4,0
3,3,6,0
2,2,4,0
5,5,10,0
2,2,4,0
2,2,4,0
2,2,4,0
2,2,4,0
1,0,1,1
5,6,11,-1
9,8,17,1
3,3,6,0
6,7,13,-1
6,6,12,0
13,8,21,5
5,5,10,0
10,28,38,-18
5,5,10,0
8,8,16,0
4,5,9,-1
5,6,11,-1
5,3,8,2
8,9,17,-1
34,30,64,4
23,10,33,13
9,10,19,-1
1,1,2,0
5,14,19,-9
14,23,37,-9
7,7,14,0
46,48,94,-2
4,2,6,2
7,3,10,4
10,17,27,-7
11,19,30,-8
35,60,95,-25
4,11,15,-7
6,11,17,-5
7,35,42,-28
16,25,41,-9
7,29,36,-22
4,5,9,-1
2,2,4,0
5,5,10,0
8,8,16,0
4,4,8,0
1,1,2,0
3,11,14,-8
0,1,1,-1
3,4,7,-1
2,5,7,-3
3,7,10,-4
4,4,8,0
6,10,16,-4
14,4,18,10
1,1,2,0
12,12,24,0
2,0,2,2
92,0,92,92
2,2,4,0
6,6,12,0
1,1,2,0
2,2,4,0
1,1,2,0
6,6,12,0
1,1,2,0
1,1,2,0
4,4,8,0
10,11,21,-1
16,27,43,-11
4,4,8,0
2,2,4,0
13,18,31,-5
4,1,5,3
2,5,7,-3
11,30,41,-19
4,4,8,0
1,1,2,0
4,4,8,0
12,19,31,-7
1,1,2,0
1,1,2,0
2,2,4,0
5,3,8,2
4,4,8,0
16,20,36,-4
1,1,2,0
17,17,34,0
20,20,40,0
1,1,2,0
4,4,8,0
1,3,4,-2
1,1,2,0
1,1,2,0
1,1,2,0
1,1,2,0
2,2,4,0
1,1,2,0
2,2,4,0
1,1,2,0
1,1,2,0
15,13,28,2
6,6,12,0
1,1,2,0
1,1,2,0
11,9,20,2
1,4,5,-3
1,1,2,0
5,16,21,-11
1,1,2,0
6,6,12,0
6,6,12,0
4,5,9,-1
0,3,3,-3
1,1,2,0
12,12,24,0
5,5,10,0
2,2,4,0
1,1,2,0
4,4,8,0
1,1,2,0
4,4,8,0
1,1,2,0
2,2,4,0
4,4,8,0
2,2,4,0
1,1,2,0
1,1,2,0
5,6,11,-1
3,1,4,2
3,3,6,0
2,2,4,0
4,4,8,0
7,7,14,0
2,2,4,0
6,6,12,0
0,3,3,-3
8,9,17,-1
10,9,19,1
6,6,12,0
1,1,2,0
17,15,32,2
1,1,2,0
1,1,2,0
1,1,2,0
3,3,6,0
1,1,2,0
2,2,4,0
1,1,2,0
2,2,4,0
2,2,4,0
5,5,10,0
24,25,49,-1
2,2,4,0
3,3,6,0
1,1,2,0
1,1,2,0
7,8,15,-1
0,1,1,-1
1,1,2,0
7,9,16,-2
2,9,11,-7
28,21,49,7
8,7,15,1
0,5,5,-5
2,2,4,0
12,14,26,-2
1,1,2,0
1,1,2,0
83,45,128,38
1,1,2,0
48,69,117,-21
44,43,87,1
2,2,4,0
22,35,57,-13
12,25,37,-13
30,27,57,3
17,0,17,17
7,5,12,2
3,7,10,-4
2,2,4,0
8,8,16,0
16,16,32,0
4,4,8,0
2,2,4,0
3,3,6,0
5,5,10,0
2,2,4,0
3,3,6,0
5,5,10,0
8,8,16,0
2,2,4,0
2,2,4,0
5,5,10,0
2,2,4,0
2,2,4,0
4,4,8,0
2,2,4,0
2,2,4,0
2,2,4,0
2,2,4,0
2,2,4,0
2,2,4,0
2,2,4,0
2,2,4,0
2,2,4,0
3,3,6,0
3,3,6,0
2,2,4,0
2,2,4,0
2,2,4,0
2,2,4,0
3,3,6,0
2,2,4,0
2,2,4,0
2,2,4,0
2,2,4,0
2,2,4,0
2,2,4,0
2,2,4,0
2,2,4,0
2,2,4,0
2,2,4,0
2,2,4,0
2,2,4,0
2,2,4,0
2,2,4,0
2,2,4,0
2,2,4,0
2,2,4,0
2,2,4,0
3,3,6,0
2,2,4,0
2,2,4,0
3,3,6,0
2,2,4,0
2,2,4,0
2,2,4,0
2,2,4,0
2,2,4,0
2,2,4,0
2,2,4,0
2,2,4,0
2,2,4,0
2,2,4,0
2,2,4,0
2,2,4,0
5,5,10,0
2,2,4,0
2,2,4,0
2,2,4,0
2,2,4,0
2,2,4,0
2,1,3,1
2,2,4,0
2,2,4,0
2,2,4,0
2,2,4,0
3,3,6,0
3,3,6,0
3,3,6,0
2,2,4,0
3,3,6,0
2,2,4,0
2,2,4,0
2,2,4,0
2,2,4,0
2,2,4,0
4,4,8,0
2,2,4,0
3,3,6,0
3,3,6,0
3,3,6,0
2,2,4,0
2,2,4,0
2,2,4,0
2,2,4,0
4,4,8,0
2,2,4,0
2,2,4,0
2,2,4,0
3,3,6,0
2,2,4,0
3,3,6,0
2,2,4,0
2,2,4,0
2,2,4,0
2,2,4,0
4,4,8,0
4,4,8,0
2,2,4,0
3,3,6,0
3,3,6,0
2,2,4,0
2,2,4,0
2,2,4,0
2,2,4,0
2,2,4,0
2,2,4,0
4,4,8,0
3,3,6,0
2,2,4,0
3,3,6,0
3,3,6,0
2,2,4,0
2,2,4,0
2,2,4,0
2,2,4,0
2,2,4,0
2,2,4,0
2,2,4,0
3,3,6,0
3,3,6,0
2,2,4,0
2,2,4,0
2,2,4,0
2,2,4,0
2,2,4,0
2,2,4,0
2,2,4,0
2,2,4,0
3,3,6,0
3,3,6,0
3,3,6,0
2,2,4,0
2,2,4,0
2,2,4,0
4,4,8,0
7,7,14,0
2,2,4,0
4,4,8,0
2,2,4,0
3,3,6,0
3,3,6,0
2,2,4,0
5,5,10,0
3,3,6,0
2,2,4,0
7,8,15,-1
2,2,4,0
2,2,4,0
2,2,4,0
2,2,4,0
2,2,4,0
2,2,4,0
2,2,4,0
2,2,4,0
2,2,4,0
2,2,4,0
2,2,4,0
2,2,4,0
2,2,4,0
2,2,4,0
2,2,4,0
2,2,4,0
2,2,4,0
3,3,6,0
3,3,6,0
3,3,6,0
2,2,4,0
2,2,4,0
2,2,4,0
2,2,4,0
3,3,6,0
3,3,6,0
3,3,6,0
2,2,4,0
5,3,8,2
2,2,4,0
4,4,8,0
5,5,10,0
3,3,6,0
4,4,8,0
3,3,6,0
2,2,4,0
2,2,4,0
3,3,6,0
2,2,4,0
3,3,6,0
2,2,4,0
2,2,4,0
2,2,4,0
3,3,6,0
2,2,4,0
5,5,10,0
2,2,4,0
2,2,4,0
2,2,4,0
2,2,4,0
5,6,11,-1
9,8,17,1
3,3,6,0
6,7,13,-1
6,6,12,0
6,7,13,-1
4,5,9,-1
10,28,38,-18
5,5,10,0
8,8,16,0
4,5,9,-1
5,6,11,-1
5,3,8,2
8,9,17,-1
34,30,64,4
8,2,10,6
9,10,19,-1
1,1,2,0
5,14,19,-9
14,23,37,-9
7,7,14,0
46,48,94,-2
4,2,6,2
7,3,10,4
10,17,27,-7
11,19,30,-8
34,59,93,-25
4,11,15,-7
6,11,17,-5
7,35,42,-28
16,25,41,-9
7,29,36,-22
4,5,9,-1
2,2,4,0
5,5,10,0
8,8,16,0
4,4,8,0
1,1,2,0
3,11,14,-8
0,1,1,-1
3,4,7,-1
2,5,7,-3
3,7,10,-4
4,4,8,0
6,10,16,-4
14,4,18,10
1,1,2,0
12,12,24,0
2,0,2,2
2,2,4,0
6,6,12,0
1,1,2,0
2,2,4,0
1,1,2,0
6,6,12,0
1,1,2,0
4,1,5,3
6,8,14,-2
8,0,8,8
1,1,2,0
0,0,0,0
3,3,6,0
35,21,56,14
8,2,10,6
5,1,6,4
23,5,28,18
10,8,18,2
2,2,4,0
15,8,23,7
1,1,2,0
0,0,0,0
2,0,2,2
2,2,4,0
0,0,0,0
1,1,2,0
43,35,78,8
4,10,14,-6
1,1,2,0
1,1,2,0
4,2,6,2
6,0,6,6
1,0,1,1
4,3,7,1
56,29,85,27
1,0,1,1
0,1,1,-1
1,1,2,0
0,0,0,0
14,38,52,-24
3,3,6,0
1,1,2,0
6,3,9,3
6,3,9,3
4,0,4,4
1,0,1,1
14,14,28,0
6,2,8,4
1,1,2,0
9,4,13,5
2,2,4,0
7,7,14,0
8,1,9,7
35,17,52,18
0,0,0,0
1,0,1,1
89,0,89,89
5,2,7,3
3,0,3,3
1,0,1,1
0,1,1,-1
1,1,2,0
0,0,0,0
0,0,0,0
92,0,92,92
0,0,0,0
0,0,0,0
8,1,9,7
2,1,3,1
7,0,7,7
47,0,47,47
1,2,3,-1
26,0,26,26
6,3,9,3
1,1,2,0
20,0,20,20
6,3,9,3
5,3,8,2
6,3,9,3
4,0,4,4
14,14,28,0
2,2,4,0
1,1,2,0
9,4,13,5
2,2,4,0
7,7,14,0
8,1,9,7
1,0,1,1
4,0,4,4
3,0,3,3
1,0,1,1
1,1,2,0
1,1,2,0
0,10,10,-10
0,4,4,-4
0,4,4,-4
20,0,20,20
10,11,21,-1
2,2,4,0
3,3,6,0
35,21,56,14
8,2,10,6
5,1,6,4
1,1,2,0
15,8,23,7
1,1,2,0
35,17,52,18
0,1,1,-1
0,0,0,0
0,0,0,0
0,2,2,-2
0,5,5,-5
1,1,2,0
1,1,2,0
0,0,0,0
0,0,0,0
3,0,3,3
94,0,94,94
5,2,7,3
92,0,92,92
14,2,16,12
1,1,2,0
1,1,2,0
1,1,2,0
3,0,3,3
3,15,18,-12
19,0,19,19
31,12,43,19
34,5,39,29
1,0,1,1
11,3,14,8
5,1,6,4
12,12,24,0
72,0,72,72
2,2,4,0
6,50,56,-44
27,0,27,27
18,18,36,0
8,7,15,1
53,18,71,35
4,0,4,4
3,6,9,-3
4,0,4,4
2,4,6,-2
14,18,32,-4
55,0,55,55
3,0,3,3
7,18,25,-11
9,7,16,2
3,3,6,0
3,3,6,0
34,12,46,22
6,8,14,-2
7,3,10,4
5,4,9,1
4,3,7,1
2,1,3,1
15,1,16,14
29,27,56,2
25,5,30,20
0,1,1,-1
1,3,4,-2
2,8,10,-6
0,10,10,-10
0,10,10,-10
1,1,2,0
0,39,39,-39
5,11,16,-6
0,1,1,-1
16,14,30,2
14,1,15,13
2,0,2,2
11,0,11,11
6,2,8,4
1,1,2,0
3,4,7,-1
1,1,2,0
12,1,13,11
7,1,8,6
7,1,8,6
9,0,9,9
7,1,8,6
7,0,7,7
15,8,23,7
8,2,10,6
1,1,2,0
1,1,2,0
4,0,4,4
58,36,94,22
4,1,5,3
43,0,43,43
1,0,1,1
20,2,22,18
0,5,5,-5
1,6,7,-5
3,3,6,0
6,7,13,-1
7,19,26,-12
5,5,10,0
12,9,21,3
6,4,10,2
32,0,32,32
11,0,11,11
75,65,140,10
25,0,25,25
5,1,6,4
6,1,7,5
12,2,14,10
24,4,28,20
6,1,7,5
12,2,14,10
24,4,28,20
1,1,2,0
1,1,2,0
3,0,3,3
3,0,3,3
14,0,14,14
69,0,69,69
1,0,1,1
1,0,1,1
0,0,0,0
5,14,19,-9
2,2,4,0
19,0,19,19
1,1,2,0
18,15,33,3
2,1,3,1
33,24,57,9
23,16,39,7
28,15,43,13
15,0,15,15
68,0,68,68
11,1,12,10
127,0,127,127
46,0,46,46
8,2,10,6
5,0,5,5
69,5,74,64
2,6,8,-4
5,0,5,5
35,16,51,19
14,2,16,12
2,0,2,2
31,14,45,17
3,1,4,2
9,2,11,7
1,0,1,1
19,0,19,19
25,0,25,25
0,76,76,-76
152,0,152,152
2,2,4,0
2,2,4,0
11,33,44,-22
2,2,4,0
4,2,6,2
16,7,23,9
11,0,11,11
1,1,2,0
2,2,4,0
2,2,4,0
1,1,2,0
6,6,12,0
1,1,2,0
1,0,1,1
1,1,2,0
2,2,4,0
2,2,4,0
1,1,2,0
6,6,12,0
1,1,2,0
1,0,1,1
8,3,11,5
8,3,11,5
24,0,24,24
28,7,35,21
50,0,50,50
16,1,17,15
10,4,14,6
5,1,6,4
1,0,1,1
1,0,1,1
3,0,3,3
1,4,5,-3
13,6,19,7
4,4,8,0
79,0,79,79
7,0,7,7
79,0,79,79
7,0,7,7
126,171,297,-45
27,15,42,12
2,3,5,-1
1,0,1,1
46,0,46,46
9,2,11,7
93,68,161,25
21,0,21,21
0,28,28,-28
83,0,83,83
1,5,6,-4
12,6,18,6
0,1,1,-1
4,1,5,3
7,3,10,4
4,1,5,3
1,0,1,1
5,0,5,5
5,0,5,5
5,0,5,5
5,0,5,5
11,0,11,11
38,0,38,38
2,1,3,1
2,1,3,1
3,2,5,1
4,3,7,1
4,1,5,3
2,1,3,1
2,1,3,1
4,3,7,1
2,1,3,1
14,4,18,10
8,0,8,8
5,0,5,5
2,0,2,2
139,1,140,138
26,0,26,26
10,0,10,10
2,2,4,0
7,1,8,6
7,1,8,6
4,0,4,4
10,0,10,10
1,0,1,1
130,0,130,130
26,0,26,26
10,0,10,10
2,2,4,0
7,1,8,6
8,0,8,8
5,0,5,5
2,0,2,2
9,1,10,8
4,0,4,4
10,0,10,10
1,0,1,1
7,1,8,6
9,0,9,9
9,0,9,9
5,1,6,4
1,1,2,0
0,25,25,-25
14,13,27,1
6,3,9,3
15,11,26,4
52,1,53,51
3,2,5,1
6,3,9,3
7,6,13,1
10,3,13,7
24,16,40,8
5,0,5,5
12,11,23,1
1,1,2,0
16,4,20,12
22,4,26,18
1,1,2,0
0,0,0,0
0,0,0,0
0,1,1,-1
4,1,5,3
0,1860,1860,-1860
8,2,10,6
6,1,7,5
0,1665,1665,-1665
3,2,5,1
17,25,42,-8
1,1,2,0
6,4,10,2
7,3,10,4
16,14,30,2
3,3,6,0
1,1,2,0
4,3,7,1
3,1,4,2
12,10,22,2
6,5,11,1
5,3,8,2
13,5,18,8
11,2,13,9
3,0,3,3
1,0,1,1
2,1,3,1
2,3,5,-1
2,2,4,0
2,2,4,0
4,1,5,3
3,0,3,3
8,1,9,7
2,1,3,1
4,2,6,2
6,2,8,4
5,1,6,4
3,1,4,2
1,1,2,0
1,1,2,0
2,2,4,0
2,1,3,1
34,0,34,34
0,34,34,-34
36,0,36,36
2,2,4,0
1,1,2,0
1,3,4,-2
0,4,4,-4
1,1,2,0
3,3,6,0
1,1,2,0
1,1,2,0
50,0,50,50
167,0,167,167
143,164,307,-21
5,4,9,1
4,4,8,0
19,0,19,19
14,0,14,14
4,0,4,4
4,0,4,4
21,4,25,17
59,11,70,48
12,8,20,4
1,1,2,0
1,1,2,0
1,1,2,0
4,2,6,2
2,1,3,1
4,0,4,4
8,3,11,5
18,5,23,13
1,0,1,1
1,0,1,1
0,0,0,0
29,0,29,29
26,0,26,26
7,0,7,7
10,0,10,10
6,0,6,6
2,0,2,2
42,23,65,19
15,2,17,13
0,4,4,-4
1,1,2,0
2,1,3,1
6,16,22,-10
129,0,129,129
88,0,88,88
259,0,259,259
148,28,176,120
1,1,2,0
8,4,12,4
0,87,87,-87
4,4,8,0
19,0,19,19
0,0,0,0
201,0,201,201
10,10,20,0
20,12,32,8
2,2,4,0
1,0,1,1
1,0,1,1
1,1,2,0
1,1,2,0
1,4,5,-3
2,2,4,0
3,3,6,0
3,10,13,-7
1,1,2,0
3,1,4,2
1,1,2,0
2,1,3,1
3,3,6,0
3,3,6,0
1,1,2,0
1,1,2,0
1,1,2,0
2,2,4,0
2,8,10,-6
2,2,4,0
1,1,2,0
4,1,5,3
2,2,4,0
1,1,2,0
10,3,13,7
2,2,4,0
2,2,4,0
2,2,4,0
7,2,9,5
2,2,4,0
15,44,59,-29
6,4,10,2
1,3,4,-2
5,0,5,5
11,3,14,8
5,5,10,0
3,8,11,-5
2,1,3,1
41,39,80,2
8,7,15,1
3,3,6,0
4,4,8,0
0,415,415,-415
349,21,370,328
0,18,18,-18
5,6,11,-1
0,48,48,-48
39,24,63,15
1,1,2,0
3,5,8,-2
1,0,1,1
35,21,56,14
33,2,35,31
1,1,2,0
51,61,112,-10
5,0,5,5
1,1,2,0
3,3,6,0
3,4,7,-1
6,0,6,6
34,0,34,34
1,2,3,-1
60,60,120,0
3,1,4,2
1,3,4,-2
38,38,76,0
1,1,2,0
0,34,34,-34
185,0,185,185
11,6,17,5
44,0,44,44
2,2,4,0
0,5,5,-5
68,10,78,58
3,2,5,1
4,0,4,4
29,1,30,28
3,5,8,-2
1,1,2,0
225,76,301,149
5,0,5,5
35,1,36,34
0,1,1,-1
188,44,232,144
4,1,5,3
3,4,7,-1
33,4,37,29
1,1,2,0
1,1,2,0
1,1,2,0
63,0,63,63
63,0,63,63
20,8,28,12
13,8,21,5
2,2,4,0
2,1,3,1
8,3,11,5
21,12,33,9
6,5,11,1
2,3,5,-1
75,0,75,75
1,6,7,-5
1,1,2,0
5,1,6,4
0,2,2,-2
3,3,6,0
1,1,2,0
25,19,44,6
22,27,49,-5
7,2,9,5
46,0,46,46
6,1,7,5
3,3,6,0
7,0,7,7
1,1,2,0
3,2,5,1
3,2,5,1
0,7,7,-7
2,1,3,1
3,1,4,2
3,2,5,1
41,0,41,41
3,1,4,2
3,1,4,2
8,5,13,3
32,0,32,32
8,2,10,6
10,1,11,9
3,14,17,-11
7,6,13,1
25,83,108,-58
1,3,4,-2
35,0,35,35
39,0,39,39
8,14,22,-6
131,91,222,40
4,1,5,3
0,12,12,-12
28,0,28,28
42,0,42,42
1,1,2,0
21,0,21,21
12,0,12,12
32,0,32,32
1,0,1,1
20,0,20,20
8,0,8,8
47,0,47,47
5,4,9,1
3,1,4,2
7,5,12,2
2,1,3,1
415,0,415,415
37,0,37,37
18,0,18,18
147,0,147,147
48,0,48,48
2,1,3,1
2,1,3,1
32,0,32,32
1,0,1,1
20,0,20,20
8,0,8,8
47,0,47,47
5,4,9,1
3,1,4,2
7,5,12,2
2,1,3,1
415,0,415,415
37,0,37,37
18,0,18,18
147,0,147,147
48,0,48,48
2,1,3,1
2,1,3,1
18,10,28,8
41,0,41,41
9,7,16,2
7,1,8,6
0,10,10,-10
2,2,4,0
3,1,4,2
3,3,6,0
6,6,12,0
1,1,2,0
1,1,2,0
3,3,6,0
1,1,2,0
1,1,2,0
1,1,2,0
1,1,2,0
1,1,2,0
2,2,4,0
1,1,2,0
1,1,2,0
1,1,2,0
1,2,3,-1
30,4,34,26
21,0,21,21
41,0,41,41
7,12,19,-5
6,19,25,-13
1,1,2,0
15,0,15,15
24,1,25,23
15,0,15,15
24,1,25,23
8,3,11,5
6,2,8,4
2,11,13,-9
27,7,34,20
5,38,43,-33
2,11,13,-9
9,5,14,4
1,1,2,0
2,2,4,0
1,0,1,1
1,1,2,0
4,3,7,1
1,5,6,-4
1,1,2,0
5,5,10,0
30,39,69,-9
4,1,5,3
10,0,10,10
0,8,8,-8
15,11,26,4
23,6,29,17
7,2,9,5
3,80,83,-77
62,0,62,62
190,0,190,190
93,1,94,92
284,0,284,284
43,0,43,43
38,0,38,38
19,0,19,19
24,0,24,24
88,0,88,88
168,0,168,168
1,1,2,0
1,1,2,0
120,107,227,13
82,0,82,82
1,1,2,0
3,0,3,3
3,0,3,3
18,14,32,4
1,0,1,1
18,14,32,4
1,0,1,1
3,2,5,1
4,0,4,4
4,0,4,4
78,54,132,24
159,0,159,159
1665,0,1665,1665
0,1,1,-1
0,7,7,-7
1,1,2,0
9,6,15,3
4,2,6,2
1860,0,1860,1860
207,161,368,46
1,0,1,1
7,0,7,7
8,0,8,8
5,0,5,5
2,0,2,2
11,0,11,11
23,0,23,23
286,0,286,286
0,1,1,-1
8,0,8,8
5,0,5,5
2,0,2,2
11,0,11,11
23,0,23,23
21,1,22,20
16,72,88,-56
1,0,1,1
3,1,4,2
53,3,56,50
4,4,8,0
1,1,2,0
4,4,8,0
4,4,8,0
1,0,1,1
0,1,1,-1
1,1,2,0
5,5,10,0
0,1,1,-1
4,4,8,0
9,8,17,1
31,12,43,19
1,1,2,0
34,26,60,8
19,4,23,15
21,17,38,4
2,0,2,2
39,4,43,35
5,0,5,5
187,0,187,187
1,1,2,0
1,1,2,0
1,1,2,0
5,5,10,0
1,0,1,1
1,1,2,0
2,0,2,2
61,25,86,36
3,0,3,3
3,0,3,3
6,6,12,0
4,1,5,3
1,1,2,0
1,1,2,0
7,1,8,6
4,8,12,-4
3,3,6,0
40,23,63,17
12,10,22,2
30,16,46,14
0,0,0,0
1,1,2,0
9,0,9,9
1,1,2,0
1,1,2,0
2,14,16,-12
11,0,11,11
1,13,14,-12
32,26,58,6
20,0,20,20
0,1,1,-1
60,0,60,60
13,2,15,11
2,0,2,2
9,8,17,1
2,0,2,2
2,0,2,2
32,0,32,32
5,0,5,5
25,24,49,1
35,12,47,23
1,1,2,0
3,3,6,0
9,0,9,9
19,55,74,-36
1,1,2,0
12,8,20,4
27,65,92,-38
38,30,68,8
527,0,527,527
40,0,40,40
40,192,232,-152
226,0,226,226
43,0,43,43
77,0,77,77
18,5,23,13
35,11,46,24
30,26,56,4
16,5,21,11
0,4,4,-4
36,0,36,36
3,0,3,3
43,0,43,43
39,8,47,31
54,0,54,54
7,3,10,4
2,5,7,-3
20,0,20,20
2,0,2,2
4,0,4,4
6,10,16,-4
2,2,4,0
37,0,37,37
1,1,2,0
6,1,7,5
1,1,2,0
87,33,120,54
64,0,64,64
1,4,5,-3
4,3,7,1
38,19,57,19
67,25,92,42
1,2,3,-1
50,0,50,50
16,1,17,15
4,0,4,4
72,39,111,33
0,23,23,-23
73,0,73,73
2,0,2,2
28,18,46,10
57,0,57,57
1,0,1,1
9,5,14,4
2,0,2,2
78,36,114,42
4,0,4,4
2,0,2,2
1,4,5,-3
32,13,45,19
1,1,2,0
1,1,2,0
2,6,8,-4
1,0,1,1
13,7,20,6
9,2,11,7
33,0,33,33
62,27,89,35
5,0,5,5
1,2,3,-1
4,5,9,-1
1,1,2,0
13,6,19,7
1,1,2,0
2,1,3,1
16,1,17,15
11,5,16,6
50,5,55,45
10,0,10,10
45,0,45,45
4,2,6,2
43,0,43,43
56,0,56,56
2,1,3,1
1,1,2,0
0,0,0,0
0,0,0,0
1,1,2,0
1,0,1,1
6,12,18,-6
14,11,25,3
2,3,5,-1
9,13,22,-4
1,1,2,0
2,2,4,0
2,2,4,0
2,2,4,0
2,2,4,0
1,1,2,0
1,0,1,1
3,3,6,0
2,3,5,-1
1,1,2,0
1,1,2,0
1,1,2,0
8,4,12,4
2,2,4,0
0,4,4,-4
1,1,2,0
15,8,23,7
12,0,12,12
6,6,12,0
18,5,23,13
19,9,28,10
3,1,4,2
0,1,1,-1
9,2,11,7
3,0,3,3
51,0,51,51
1,1,2,0
5,8,13,-3
23,20,43,3
1,3,4,-2
2,2,4,0
4,4,8,0
3,1,4,2
0,1,1,-1
3,3,6,0
62,0,62,62
4,4,8,0
18,24,42,-6
3,1,4,2
23,3,26,20
1,0,1,1
15,11,26,4
24,11,35,13
3,2,5,1
2,3,5,-1
39,0,39,39
6,0,6,6
11,0,11,11
41,0,41,41
5,0,5,5
34,0,34,34
1,1,2,0
1,3,4,-2
1,1,2,0
2,4,6,-2
23,2,25,21
29,3,32,26
19,0,19,19
42,0,42,42
5,4,9,1
1,2,3,-1
2,2,4,0
9,7,16,2
9,9,18,0
4,7,11,-3
3,0,3,3
4,0,4,4
0,2,2,-2
2,2,4,0
6,14,20,-8
9,18,27,-9
1,1,2,0
5,7,12,-2
1,1,2,0
0,1,1,-1
2,2,4,0
7,6,13,1
1,1,2,0
0,5,5,-5
2,3,5,-1
1,1,2,0
1,1,2,0
1,1,2,0
1,1,2,0
1,1,2,0
1,1,2,0
4,10,14,-6
3,0,3,3
1,6,7,-5
1,0,1,1
2,2,4,0
1,0,1,1
49,0,49,49
31,0,31,31
14,12,26,2
43,0,43,43
1,1,2,0
10,5,15,5
3,0,3,3
14,33,47,-19
11,4,15,7
1,1,2,0
1,2,3,-1
1,2,3,-1
1,1,2,0
1,1,2,0
1,2,3,-1
1,2,3,-1
1,1,2,0
1,2,3,-1
1,1,2,0
1,2,3,-1
4,3,7,1
1,2,3,-1
1,2,3,-1
1,2,3,-1
1,2,3,-1
1,2,3,-1
1,2,3,-1
1,2,3,-1
1,2,3,-1
1,2,3,-1
1,2,3,-1
1,2,3,-1
1,2,3,-1
1,2,3,-1
1,2,3,-1
1,2,3,-1
1,2,3,-1
1,2,3,-1
1,2,3,-1
1,2,3,-1
1,2,3,-1
1,2,3,-1
1,2,3,-1
1,2,3,-1
1,2,3,-1
1,2,3,-1
1,2,3,-1
1,2,3,-1
1,2,3,-1
1,2,3,-1
1,2,3,-1
1,2,3,-1
1,2,3,-1
1,2,3,-1
1,2,3,-1
1,1,2,0
1,2,3,-1
1,2,3,-1
1,2,3,-1
1,2,3,-1
1,2,3,-1
1,2,3,-1
1,2,3,-1
1,1,2,0
2,3,5,-1
1,2,3,-1
1,2,3,-1
1,2,3,-1
1,2,3,-1
1,1,2,0
1,2,3,-1
1,2,3,-1
1,2,3,-1
1,2,3,-1
1,1,2,0
1,2,3,-1
1,1,2,0
1,2,3,-1
1,2,3,-1
1,2,3,-1
1,2,3,-1
1,2,3,-1
1,2,3,-1
1,2,3,-1
1,2,3,-1
1,2,3,-1
1,2,3,-1
1,2,3,-1
1,2,3,-1
1,2,3,-1
1,2,3,-1
1,2,3,-1
1,2,3,-1
1,2,3,-1
1,2,3,-1
1,2,3,-1
1,2,3,-1
1,2,3,-1
1,2,3,-1
1,2,3,-1
1,2,3,-1
1,2,3,-1
1,2,3,-1
1,2,3,-1
1,1,2,0
1,2,3,-1
1,2,3,-1
1,2,3,-1
1,2,3,-1
1,2,3,-1
1,1,2,0
1,1,2,0
1,2,3,-1
1,2,3,-1
1,2,3,-1
1,2,3,-1
1,2,3,-1
1,2,3,-1
1,1,2,0
1,2,3,-1
1,2,3,-1
1,2,3,-1
1,2,3,-1
24,21,45,3
5,0,5,5
1,1,2,0
1,0,1,1
1,0,1,1
26,14,40,12
6,5,11,1
1,2,3,-1
58,0,58,58
34,0,34,34
26,4,30,22
42,24,66,18
57,0,57,57
2,1,3,1
31,5,36,26
0,1,1,-1
53,0,53,53
1,1,2,0
6,4,10,2
3,0,3,3
7,0,7,7
2,2,4,0
2,2,4,0
0,14,14,-14
13,0,13,13
65,2,67,63
86,0,86,86
1,1,2,0
15,9,24,6
17,18,35,-1
11,5,16,6
78,36,114,42
3,3,6,0
71,0,71,71
53,0,53,53
64,9,73,55
48,9,57,39
20,8,28,12
6,8,14,-2
1,2,3,-1
5,0,5,5
8,0,8,8
5,0,5,5
4,0,4,4
2,2,4,0
20,1,21,19
27,0,27,27
23,2,25,21
8,1,9,7
28,2,30,26
27,7,34,20
49,0,49,49
8,3,11,5
8,1,9,7
18,6,24,12
16,0,16,16
6,10,16,-4
16,0,16,16
93,0,93,93
3,2,5,1
1,1,2,0
5,0,5,5
59,1,60,58
19,0,19,19
37,0,37,37
72,0,72,72
25,0,25,25
1,0,1,1
4,4,8,0
4,3,7,1
9,3,12,6
1,0,1,1
1,0,1,1
1,0,1,1
1,0,1,1
1,0,1,1
1,0,1,1
1,0,1,1
10,0,10,10
7,3,10,4
2,2,4,0
1,3,4,-2
1,2,3,-1
1,1,2,0
3,3,6,0
3,3,6,0
3,3,6,0
3,3,6,0
3,3,6,0
3,3,6,0
3,3,6,0
3,3,6,0
3,3,6,0
3,3,6,0
3,3,6,0
4,4,8,0
3,3,6,0
3,3,6,0
3,3,6,0
3,3,6,0
3,3,6,0
3,3,6,0
3,3,6,0
4,4,8,0
3,3,6,0
3,3,6,0
3,3,6,0
3,3,6,0
3,3,6,0
4,4,8,0
4,4,8,0
4,4,8,0
4,4,8,0
4,4,8,0
4,4,8,0
3,3,6,0
3,3,6,0
3,3,6,0
3,3,6,0
3,3,6,0
3,3,6,0
3,3,6,0
4,4,8,0
4,4,8,0
5,5,10,0
3,3,6,0
3,3,6,0
3,3,6,0
4,4,8,0
3,3,6,0
3,3,6,0
4,4,8,0
4,4,8,0
4,4,8,0
3,3,6,0
3,3,6,0
3,3,6,0
3,3,6,0
3,3,6,0
4,4,8,0
3,3,6,0
3,3,6,0
5,5,10,0
3,3,6,0
3,3,6,0
3,3,6,0
3,3,6,0
5,5,10,0
3,3,6,0
3,3,6,0
3,3,6,0
4,4,8,0
4,4,8,0
3,3,6,0
5,5,10,0
4,4,8,0
4,4,8,0
4,4,8,0
4,4,8,0
4,4,8,0
4,4,8,0
4,4,8,0
4,4,8,0
3,3,6,0
4,4,8,0
3,3,6,0
4,4,8,0
4,4,8,0
4,4,8,0
5,5,10,0
4,4,8,0
5,5,10,0
5,5,10,0
4,4,8,0
5,5,10,0
4,4,8,0
4,4,8,0
3,3,6,0
3,3,6,0
3,3,6,0
3,3,6,0
3,3,6,0
3,3,6,0
4,4,8,0
4,4,8,0
3,3,6,0
3,3,6,0
3,3,6,0
3,3,6,0
3,3,6,0
3,3,6,0
4,4,8,0
3,3,6,0
3,3,6,0
3,3,6,0
3,3,6,0
4,4,8,0
2,2,4,0
9,1,10,8
5,0,5,5
2,0,2,2
11,0,11,11
1,5,6,-4
5,4,9,1
2,2,4,0
2,2,4,0
0,1,1,-1
2,3,5,-1
1,2,3,-1
5,2,7,3
8,3,11,5
9,0,9,9
9,1,10,8
2,0,2,2
5,5,10,0
6,1,7,5
27,0,27,27
3,4,7,-1
163,0,163,163
39,0,39,39
1,0,1,1
5,3,8,2
24,6,30,18
105,0,105,105
56,0,56,56
58,0,58,58
56,0,56,56
90,0,90,90
2,0,2,2
31,0,31,31
4,0,4,4
3,1,4,2
70,58,128,12
24,0,24,24
23,0,23,23
4,1,5,3
31,12,43,19
51,0,51,51
54,0,54,54
7,0,7,7
26,4,30,22
14,3,17,11
1,0,1,1
54,0,54,54
7,0,7,7
26,4,30,22
14,3,17,11
1,0,1,1
5,5,10,0
10,0,10,10
9,1,10,8
1,9,10,-8
1,1,2,0
2,2,4,0
14,17,31,-3
111,2,113,109
28,0,28,28
37,0,37,37
53,0,53,53
8,12,20,-4
4,6,10,-2
14,9,23,5
3,11,14,-8
70,0,70,70
26,10,36,16
36,15,51,21
6,14,20,-8
48,0,48,48
10,2,12,8
1,4,5,-3
25,0,25,25
6,0,6,6
104,0,104,104
86,0,86,86
10,2,12,8
86,0,86,86
1,4,5,-3
25,0,25,25
6,0,6,6
104,0,104,104
7,7,14,0
12,0,12,12
1,0,1,1
4,5,9,-1
0,1,1,-1
6,0,6,6
22,0,22,22
1,1,2,0
1,4,5,-3
1,4,5,-3
100,3,103,97
4,0,4,4
5,1,6,4
24,5,29,19
3,2,5,1
38,0,38,38
39,0,39,39
55,0,55,55
2,0,2,2
3,3,6,0
9,4,13,5
26,5,31,21
2,0,2,2
28,6,34,22
1,1,2,0
1,1,2,0
1,1,2,0
1,1,2,0
3,2,5,1
22,0,22,22
14,1,15,13
4,0,4,4
1,0,1,1
1,0,1,1
1,1,2,0
1,1,2,0
3,3,6,0
3,3,6,0
120,0,120,120
1,1,2,0
3,3,6,0
1,1,2,0
2,2,4,0
1,1,2,0
29,1,30,28
26,0,26,26
6,6,12,0
3,5,8,-2
5,6,11,-1
38,0,38,38
3,3,6,0
38,0,38,38
2,2,4,0
48,0,48,48
14,0,14,14
13,1,14,12
19,1,20,18
17,1,18,16
3,1,4,2
45,5,50,40
0,9,9,-9
36,0,36,36
1,6,7,-5
38,0,38,38
41,9,50,32
106,0,106,106
41,9,50,32
106,0,106,106
8,0,8,8
11,0,11,11
0,19,19,-19
0,37,37,-37
15,0,15,15
1,1,2,0
10,2,12,8
1,1,2,0
99,15,114,84
2,2,4,0
45,0,45,45
6,5,11,1
25,0,25,25
2,5,7,-3
2,2,4,0
3,6,9,-3
3,3,6,0
17,5,22,12
1,5,6,-4
1,1,2,0
1,0,1,1
11,1,12,10
0,10,10,-10
0,10,10,-10
35,0,35,35
5,1,6,4
13,0,13,13
16,9,25,7
2,0,2,2
1,1,2,0
78,0,78,78
13,7,20,6
1,1,2,0
1,1,2,0
28,0,28,28
35,0,35,35
2,0,2,2
47,0,47,47
16,16,32,0
1,1,2,0
16,2,18,14
55,0,55,55
16,0,16,16
28,40,68,-12
6,0,6,6
2,3,5,-1
3,3,6,0
60,0,60,60
1,1,2,0
0,1,1,-1
10,9,19,1
3,3,6,0
4,0,4,4
34,15,49,19
23,0,23,23
6,2,8,4
12,0,12,12
0,1,1,-1
46,0,46,46
8,18,26,-10
57,0,57,57
5,0,5,5
12,1,13,11
2,1,3,1
21,0,21,21
54,0,54,54
12,17,29,-5
3,2,5,1
7,0,7,7
4,0,4,4
21,8,29,13
0,2,2,-2
1,1,2,0
6,0,6,6
14,14,28,0
1,20,21,-19
72,18,90,54
64,0,64,64
1,0,1,1
5,3,8,2
1,1,2,0
4,2,6,2
90,0,90,90
3,2,5,1
100,0,100,100
4,0,4,4
4,1,5,3
5,8,13,-3
48,0,48,48
14,2,16,12
7,3,10,4
8,3,11,5
12,3,15,9
18,6,24,12
5,4,9,1
7,1,8,6
21,38,59,-17
1,1,2,0
9,0,9,9
3,1,4,2
3,7,10,-4
75,13,88,62
15,1,16,14
124,128,252,-4
15,2,17,13
13,0,13,13
8,5,13,3
8,4,12,4
42,0,42,42
39,0,39,39
47,0,47,47
3,7,10,-4
2,4,6,-2
2,2,4,0
0,0,0,0
1,1,2,0
0,1,1,-1
1,1,2,0
54,20,74,34
71,0,71,71
54,0,54,54
13,10,23,3
25,1,26,24
46,0,46,46
48,0,48,48
48,0,48,48
22,23,45,-1
3,2,5,1
1,1,2,0
1,1,2,0
1,1,2,0
1,1,2,0
1,1,2,0
1,1,2,0
1,1,2,0
7,7,14,0
8,4,12,4
1,1,2,0
1,1,2,0
1,1,2,0
6,4,10,2
1,1,2,0
1,1,2,0
1,1,2,0
2,1,3,1
3,3,6,0
5,1,6,4
3,0,3,3
8,6,14,2
1,1,2,0
1,0,1,1
20,0,20,20
38,0,38,38
44,23,67,21
2,27,29,-25
5,7,12,-2
19,8,27,11
3,0,3,3
1,6,7,-5
40,17,57,23
5,9,14,-4
190,0,190,190
32,3,35,29
1,1,2,0
36,186,222,-150
3,3,6,0
12,1,13,11
1,1,2,0
45,0,45,45
39,0,39,39
71,0,71,71
43,0,43,43
0,1,1,-1
12,0,12,12
37,0,37,37
32,0,32,32
5,2,7,3
11,5,16,6
41,0,41,41
11,5,16,6
41,0,41,41
5,1,6,4
42,0,42,42
1,2,3,-1
33,0,33,33
14,0,14,14
1,1,2,0
19,13,32,6
1,4,5,-3
6,1,7,5
1,1,2,0
42,0,42,42
52,0,52,52
1,1,2,0
18,20,38,-2
1,1,2,0
1,1,2,0
3,0,3,3
12,1,13,11
7,0,7,7
12,0,12,12
10,2,12,8
9,0,9,9
5,2,7,3
3,2,5,1
7,0,7,7
1,1,2,0
1,1,2,0
9,9,18,0
2,3,5,-1
15,7,22,8
1,1,2,0
40,0,40,40
8,3,11,5
1,2,3,-1
18,6,24,12
2,2,4,0
6,6,12,0
31,11,42,20
15,2,17,13
10,3,13,7
10,0,10,10
13,1,14,12
11,11,22,0
1,1,2,0
4,4,8,0
18,10,28,8
6,1,7,5
14,4,18,10
36,0,36,36
7,2,9,5
2,3,5,-1
1,1,2,0
70,0,70,70
23,24,47,-1
8,6,14,2
114,18,132,96
8,12,20,-4
339,0,339,339
0,4,4,-4
4,1,5,3
28,0,28,28
0,1,1,-1
3,0,3,3
21,1,22,20
0,0,0,0
0,0,0,0
2,2,4,0
3,3,6,0
108,24,132,84
20,0,20,20
7,0,7,7
6,8,14,-2
2,0,2,2
2,2,4,0
17,91,108,-74
134,0,134,134
1,1,2,0
2,2,4,0
27,0,27,27
30,25,55,5
16,25,41,-9
0,8,8,-8
18,0,18,18
29,38,67,-9
6,7,13,-1
21,7,28,14
12,1,13,11
43,0,43,43
3,1,4,2
3,0,3,3
28,0,28,28
0,48,48,-48
1,1,2,0
1,1,2,0
3,3,6,0
2,1,3,1
1,1,2,0
9,7,16,2
5,3,8,2
2,1,3,1
7,4,11,3
2,0,2,2
1,1,2,0
13,4,17,9
5,3,8,2
19,10,29,9
1,1,2,0
2,0,2,2
2,1,3,1
2,2,4,0
1,1,2,0
5,5,10,0
20,14,34,6
2,2,4,0
1,1,2,0
30,28,58,2
71,7,78,64
46,5,51,41
1,5,6,-4
7,0,7,7
1,1,2,0
19,4,23,15
40,0,40,40
9,1,10,8
1,1,2,0
56,0,56,56
32,0,32,32
38,0,38,38
71,0,71,71
1,1,2,0
15,11,26,4
1,0,1,1
1,0,1,1
1,0,1,1
19,2,21,17
7,0,7,7
1,0,1,1
2,0,2,2
47,0,47,47
5,0,5,5
0,3,3,-3
29,21,50,8
3,2,5,1
3,3,6,0
6,2,8,4
5,6,11,-1
188,0,188,188
2,2,4,0
1,0,1,1
4,0,4,4
5,4,9,1
87,65,152,22
59,29,88,30
6,5,11,1
6,2,8,4
0,14,14,-14
0,1,1,-1
0,1,1,-1
4,0,4,4
20,10,30,10
4,4,8,0
23,0,23,23
27,2,29,25
56,0,56,56
50,0,50,50
3,0,3,3
0,0,0,0
0,0,0,0
107,0,107,107
4,4,8,0
0,3,3,-3
7,0,7,7
5,1,6,4
1,1,2,0
6,2,8,4
1,1,2,0
2,3,5,-1
2,2,4,0
10,0,10,10
3,3,6,0
0,5,5,-5
4,3,7,1
1,1,2,0
5,5,10,0
1,1,2,0
37,37,74,0
1,2,3,-1
45,0,45,45
2,0,2,2
11,10,21,1
5,0,5,5
3,0,3,3
9,0,9,9
15,0,15,15
5,0,5,5
8,9,17,-1
5,0,5,5
5,0,5,5
5,0,5,5
0,35,35,-35
4,4,8,0
30,29,59,1
0,81,81,-81
0,6,6,-6
119,0,119,119
30,0,30,30
1,1,2,0
31,0,31,31
70,0,70,70
3,2,5,1
32,15,47,17
9,6,15,3
4,4,8,0
13,13,26,0
1,1,2,0
12,13,25,-1
14,16,30,-2
11,14,25,-3
1,1,2,0
45,0,45,45
30,0,30,30
86,5,91,81
122,0,122,122
0,67,67,-67
0,201,201,-201
55,0,55,55
1,1,2,0
32,1,33,31
3,3,6,0
3,3,6,0
5,3,8,2
5,3,8,2
5,3,8,2
5,3,8,2
5,3,8,2
9,14,23,-5
3,1,4,2
6,10,16,-4
5,3,8,2
5,3,8,2
6,3,9,3
1,1,2,0
5,8,13,-3
23,22,45,1
9,10,19,-1
1,1,2,0
1,1,2,0
17,16,33,1
4,4,8,0
2,2,4,0
3,3,6,0
1,1,2,0
1,1,2,0
3,3,6,0
3,3,6,0
3,3,6,0
7,8,15,-1
41,48,89,-7
8,8,16,0
10,12,22,-2
2,2,4,0
3,13,16,-10
6,6,12,0
2,2,4,0
5,7,12,-2
5,5,10,0
3,3,6,0
6,6,12,0
5,5,10,0
4,4,8,0
4,4,8,0
6,6,12,0
25,30,55,-5
5,5,10,0
3,3,6,0
8,8,16,0
2,2,4,0
3,3,6,0
4,4,8,0
2,2,4,0
5,5,10,0
4,0,4,4
26,15,41,11
86,0,86,86
82,0,82,82
1,0,1,1
0,110,110,-110
0,35,35,-35
1,1,2,0
43,0,43,43
5,4,9,1
10,6,16,4
2,2,4,0
1,15,16,-14
6,6,12,0
2,2,4,0
21,25,46,-4
2,2,4,0
1,1,2,0
3,3,6,0
4,2,6,2
2,1,3,1
1,2,3,-1
0,0,0,0
1,1,2,0
2,2,4,0
1,1,2,0
4,4,8,0
12,12,24,0
1,1,2,0
6,6,12,0
6,6,12,0
2,2,4,0
32,10,42,22
4,4,8,0
6,6,12,0
1,1,2,0
5,4,9,1
1,1,2,0
17,12,29,5
9,8,17,1
10,8,18,2
84,62,146,22
3,0,3,3
6,4,10,2
1,0,1,1
17,0,17,17
18,1,19,17
18,1,19,17
18,1,19,17
17,0,17,17
17,0,17,17
17,0,17,17
20,0,20,20
23,0,23,23
26,0,26,26
3,0,3,3
23,0,23,23
17,0,17,17
11,3,14,8
10,0,10,10
9,0,9,9
4,1,5,3
1,1,2,0
10,3,13,7
15,5,20,10
8,1,9,7
5,2,7,3
5,2,7,3
8,6,14,2
0,1,1,-1
2,1,3,1
8,6,14,2
12,0,12,12
44,0,44,44
1,1,2,0
14,12,26,2
5,4,9,1
1,0,1,1
4,0,4,4
20,0,20,20
67,0,67,67
32,0,32,32
1,1,2,0
17,0,17,17
5,1,6,4
2,7,9,-5
6,6,12,0
7,5,12,2
42,41,83,1
8,4,12,4
4,2,6,2
5,0,5,5
1,1,2,0
87,0,87,87
37,0,37,37
9,1,10,8
6,5,11,1
23,5,28,18
0,0,0,0
1,1,2,0
2,2,4,0
7,0,7,7
1,1,2,0
9,5,14,4
8,7,15,1
6,6,12,0
12,9,21,3
2,0,2,2
6,7,13,-1
0,56,56,-56
30,0,30,30
1,1,2,0
1,0,1,1
28,0,28,28
1,1,2,0
16,3,19,13
0,27,27,-27
4,6,10,-2
2,2,4,0
4,4,8,0
17,0,17,17
8,0,8,8
3,3,6,0
119,49,168,70
137,0,137,137
20,52,72,-32
0,116,116,-116
3,1,4,2
7,19,26,-12
4,1,5,3
23,3,26,20
1,1,2,0
5,7,12,-2
2,2,4,0
1,1,2,0
1,5,6,-4
87,105,192,-18
3,3,6,0
3,3,6,0
22,15,37,7
24,45,69,-21
16,11,27,5
18,7,25,11
19,10,29,9
127,109,236,18
3,0,3,3
2,2,4,0
50,15,65,35
22,21,43,1
5,10,15,-5
89,0,89,89
109,0,109,109
216,0,216,216
1,1,2,0
3,6,9,-3
18,14,32,4
3,4,7,-1
105,0,105,105
0,115,115,-115
2,0,2,2
48,40,88,8
4,0,4,4
1,0,1,1
1,1,2,0
41,0,41,41
3,6,9,-3
34,0,34,34
31,0,31,31
4,1,5,3
2,3,5,-1
31,0,31,31
1,0,1,1
1,0,1,1
1,1,2,0
5,0,5,5
41,0,41,41
1,1,2,0
31,0,31,31
1,1,2,0
45,0,45,45
33,0,33,33
4,3,7,1
1,2,3,-1
0,0,0,0
1,1,2,0
2,2,4,0
1,1,2,0
4,4,8,0
12,12,24,0
1,1,2,0
6,6,12,0
6,6,12,0
2,2,4,0
32,10,42,22
4,4,8,0
6,6,12,0
1,1,2,0
3,6,9,-3
1,1,2,0
5,2,7,3
0,8,8,-8
0,8,8,-8
1,1,2,0
23,5,28,18
1,1,2,0
7,1,8,6
8,2,10,6
3,1,4,2
2,2,4,0
30,11,41,19
15,7,22,8
1,0,1,1
1,1,2,0
2,6,8,-4
2,2,4,0
2,2,4,0
1,1,2,0
2,2,4,0
2,2,4,0
2,2,4,0
12,3,15,9
15,2,17,13
1,0,1,1
7,0,7,7
17,1,18,16
53,0,53,53
23,4,27,19
2,1,3,1
2,2,4,0
1,1,2,0
71,0,71,71
0,31,31,-31
13,0,13,13
127,0,127,127
1,0,1,1
1,1,2,0
8,13,21,-5
3,36,39,-33
5,39,44,-34
24,5,29,19
85,0,85,85
2,3,5,-1
72,0,72,72
31,0,31,31
37,0,37,37
40,0,40,40
0,3,3,-3
8,5,13,3
8,0,8,8
72,62,134,10
17,0,17,17
4,4,8,0
4,3,7,1
5,15,20,-10
142,153,295,-11
4,8,12,-4
0,1,1,-1
23,4,27,19
9,0,9,9
42,0,42,42
43,17,60,26
17,20,37,-3
137,118,255,19
19,4,23,15
4,7,11,-3
40,0,40,40
2,11,13,-9
32,0,32,32
4,6,10,-2
2,0,2,2
124,16,140,108
2,2,4,0
4,0,4,4
