INSERTION,DELETION,SUM,SUBTRACT
2,2,4,0
5,0,5,5
9,5,14,4
34,115,149,-81
23,1,24,22
0,1,1,-1
3,3,6,0
1,0,1,1
1,1,2,0
1,3,4,-2
1,1,2,0
30,0,30,30
1,1,2,0
5,5,10,0
28,3,31,25
28,3,31,25
1,1,2,0
1,1,2,0
1,1,2,0
1,1,2,0
8,4,12,4
4,3,7,1
4,4,8,0
1,1,2,0
3,2,5,1
1,1,2,0
1,1,2,0
1,1,2,0
1,1,2,0
0,0,0,0
31,0,31,31
31,0,31,31
49,0,49,49
45,0,45,45
0,29,29,-29
1,1,2,0
0,29,29,-29
8,20,28,-12
18,10,28,8
6,2,8,4
1,1,2,0
1,1,2,0
1,1,2,0
1,1,2,0
1,1,2,0
1,1,2,0
1,1,2,0
1,1,2,0
3,3,6,0
3,3,6,0
9,12,21,-3
9,12,21,-3
1,1,2,0
1,1,2,0
4,4,8,0
1,1,2,0
25,0,25,25
11,5,16,6
12,6,18,6
18,5,23,13
13,7,20,6
1,1,2,0
1,1,2,0
1,1,2,0
1,1,2,0
1,1,2,0
1,1,2,0
1,1,2,0
1,1,2,0
1,1,2,0
1,1,2,0
1,1,2,0
1,1,2,0
1,1,2,0
1,1,2,0
1,1,2,0
1,1,2,0
1,1,2,0
1,1,2,0
2,3,5,-1
1,1,2,0
1,1,2,0
1,1,2,0
1,1,2,0
3,3,6,0
3,3,6,0
3,3,6,0
3,3,6,0
1,1,2,0
1,1,2,0
1,1,2,0
4,6,10,-2
1,1,2,0
1,1,2,0
1,1,2,0
1,1,2,0
1,1,2,0
1,1,2,0
1,1,2,0
164,16,180,148
21,26,47,-5
12,12,24,0
8,12,20,-4
1,1,2,0
1,1,2,0
1,1,2,0
1,1,2,0
1,1,2,0
3,3,6,0
2,1,3,1
4,2,6,2
4,2,6,2
4,2,6,2
6,0,6,6
2,2,4,0
2,2,4,0
3,4,7,-1
2,2,4,0
1,1,2,0
11,11,22,0
1,1,2,0
1,1,2,0
3,3,6,0
14,14,28,0
1,1,2,0
373,373,746,0
7,7,14,0
351,351,702,0
72,72,144,0
1,1,2,0
1,1,2,0
1,1,2,0
1,1,2,0
1,1,2,0
1,1,2,0
1,1,2,0
1,1,2,0
1,1,2,0
0,1,1,-1
0,1,1,-1
1,1,2,0
4,1,5,3
5,1,6,4
1,1,2,0
1,1,2,0
2,2,4,0
1,1,2,0
1,1,2,0
3,2,5,1
1,0,1,1
2,0,2,2
8,0,8,8
69,34,103,35
13,13,26,0
17,17,34,0
20,20,40,0
57,57,114,0
27,27,54,0
2,2,4,0
106,0,106,106
16,24,40,-8
1,1,2,0
1,1,2,0
304,231,535,73
1,0,1,1
28,2,30,26
53,27,80,26
1,1,2,0
4,3,7,1
1,0,1,1
72,0,72,72
3,0,3,3
8,9,17,-1
1,0,1,1
347,240,587,107
380,5,385,375
8,8,16,0
1,1,2,0
2,2,4,0
1,1,2,0
10,0,10,10
0,2,2,-2
1,0,1,1
1,1,2,0
242,0,242,242
1,0,1,1
93,0,93,93
3,3,6,0
121,104,225,17
112,113,225,-1
19,19,38,0
50,51,101,-1
32,2,34,30
1,1,2,0
5,5,10,0
5,5,10,0
6,6,12,0
5,5,10,0
1,1,2,0
0,33,33,-33
1,1,2,0
2,2,4,0
0,21,21,-21
93,103,196,-10
78,88,166,-10
112,122,234,-10
94,98,192,-4
1,1,2,0
4,4,8,0
1,0,1,1
15,15,30,0
4,4,8,0
2,2,4,0
1,1,2,0
12,24,36,-12
15,15,30,0
2,2,4,0
2,2,4,0
2,2,4,0
2,2,4,0
2,2,4,0
1,1,2,0
2,2,4,0
14,14,28,0
55,55,110,0
2,2,4,0
1,1,2,0
1,1,2,0
5,5,10,0
3,3,6,0
38,38,76,0
4,4,8,0
3,6,9,-3
3,6,9,-3
3,6,9,-3
3,6,9,-3
3,6,9,-3
3,6,9,-3
3,6,9,-3
3,6,9,-3
3,6,9,-3
3,6,9,-3
3,6,9,-3
3,6,9,-3
3,6,9,-3
3,6,9,-3
3,6,9,-3
3,6,9,-3
3,6,9,-3
3,6,9,-3
3,6,9,-3
3,6,9,-3
3,6,9,-3
3,6,9,-3
3,6,9,-3
3,6,9,-3
7,7,14,0
74,74,148,0
18,18,36,0
65,66,131,-1
21,22,43,-1
1,2,3,-1
1,1,2,0
1,1,2,0
5,5,10,0
44,44,88,0
1,1,2,0
0,1,1,-1
1,1,2,0
3,2,5,1
3,2,5,1
1,1,2,0
2,2,4,0
1,1,2,0
1,1,2,0
1,1,2,0
1,1,2,0
1,1,2,0
1,1,2,0
1,1,2,0
2,2,4,0
2,2,4,0
1,1,2,0
3,3,6,0
1,1,2,0
2,2,4,0
2,2,4,0
1,1,2,0
2,2,4,0
3,3,6,0
4,4,8,0
6,6,12,0
3,3,6,0
12,12,24,0
4,4,8,0
1,1,2,0
2,2,4,0
5,5,10,0
3,3,6,0
7,7,14,0
3,3,6,0
1,1,2,0
7,7,14,0
1,1,2,0
2,2,4,0
2,2,4,0
1,1,2,0
9,9,18,0
3,3,6,0
3,3,6,0
2,2,4,0
2,2,4,0
1,1,2,0
1,1,2,0
1,1,2,0
2,2,4,0
2,2,4,0
2,2,4,0
3,3,6,0
1,1,2,0
1,1,2,0
2,2,4,0
2,2,4,0
3,3,6,0
7,7,14,0
2,2,4,0
2,2,4,0
3,3,6,0
3,3,6,0
1,1,2,0
2,2,4,0
1,1,2,0
1,1,2,0
1,1,2,0
1,1,2,0
1,1,2,0
8,8,16,0
6,6,12,0
1,1,2,0
1,1,2,0
2,2,4,0
19,19,38,0
1,1,2,0
1,1,2,0
5,5,10,0
1,1,2,0
1,1,2,0
1,1,2,0
1,1,2,0
3,3,6,0
2,2,4,0
4,4,8,0
4,4,8,0
4,4,8,0
4,4,8,0
2,2,4,0
1,1,2,0
1,1,2,0
2,2,4,0
1,1,2,0
1,1,2,0
10,10,20,0
5,5,10,0
1,1,2,0
2,2,4,0
1,1,2,0
1,1,2,0
2,2,4,0
1,1,2,0
1,1,2,0
5,5,10,0
15,15,30,0
1,1,2,0
1,1,2,0
3,3,6,0
5,5,10,0
3,3,6,0
3,3,6,0
1,1,2,0
2,2,4,0
4,4,8,0
4,4,8,0
1,1,2,0
1,1,2,0
2,2,4,0
2,2,4,0
1,1,2,0
1,1,2,0
2,2,4,0
2,2,4,0
1,1,2,0
2,2,4,0
1,1,2,0
5,5,10,0
2,7,9,-5
1,1,2,0
1,1,2,0
2,2,4,0
1,1,2,0
2,2,4,0
1,1,2,0
1,1,2,0
2,2,4,0
2,2,4,0
2,2,4,0
4,4,8,0
4,4,8,0
1,1,2,0
2,2,4,0
1,1,2,0
1,1,2,0
12,12,24,0
5,5,10,0
7,7,14,0
11,11,22,0
4,4,8,0
4,4,8,0
3,3,6,0
3,3,6,0
2,2,4,0
2,2,4,0
2,2,4,0
1,1,2,0
1,1,2,0
2,2,4,0
2,2,4,0
2,2,4,0
1,1,2,0
1,1,2,0
1,1,2,0
1,1,2,0
3,3,6,0
1,1,2,0
1,1,2,0
1,1,2,0
1,1,2,0
2,2,4,0
2,2,4,0
1,1,2,0
1,1,2,0
1,1,2,0
1,1,2,0
1,1,2,0
1,1,2,0
1,1,2,0
1,1,2,0
2,2,4,0
1,1,2,0
2,2,4,0
1,1,2,0
4,4,8,0
1,1,2,0
1,1,2,0
1,1,2,0
1,1,2,0
1,1,2,0
2,2,4,0
1,1,2,0
1,1,2,0
2,2,4,0
2,2,4,0
3,3,6,0
3,3,6,0
1,1,2,0
1,1,2,0
2,2,4,0
1,1,2,0
1,1,2,0
3,3,6,0
2,2,4,0
1,1,2,0
2,2,4,0
3,3,6,0
3,3,6,0
2,2,4,0
4,4,8,0
4,4,8,0
3,3,6,0
1,1,2,0
1,1,2,0
2,2,4,0
3,3,6,0
3,3,6,0
2,2,4,0
4,4,8,0
4,4,8,0
1,1,2,0
2,2,4,0
2,2,4,0
1,1,2,0
4,4,8,0
1,1,2,0
2,2,4,0
2,2,4,0
1,1,2,0
2,2,4,0
3,3,6,0
3,3,6,0
6,6,12,0
3,3,6,0
12,12,24,0
4,4,8,0
1,1,2,0
2,2,4,0
3,3,6,0
7,7,14,0
4,4,8,0
7,7,14,0
1,1,2,0
1,1,2,0
1,1,2,0
1,1,2,0
3,3,6,0
3,3,6,0
3,3,6,0
2,2,4,0
1,1,2,0
1,1,2,0
1,1,2,0
1,1,2,0
1,1,2,0
1,1,2,0
1,1,2,0
1,1,2,0
1,1,2,0
2,2,4,0
2,2,4,0
1,1,2,0
7,7,14,0
2,2,4,0
2,2,4,0
3,3,6,0
3,3,6,0
1,1,2,0
1,1,2,0
1,1,2,0
1,1,2,0
1,1,2,0
1,1,2,0
1,1,2,0
8,8,16,0
5,5,10,0
1,1,2,0
1,1,2,0
2,2,4,0
19,19,38,0
5,5,10,0
1,1,2,0
1,1,2,0
1,1,2,0
1,1,2,0
1,1,2,0
2,2,4,0
4,4,8,0
4,4,8,0
2,2,4,0
1,1,2,0
1,1,2,0
5,5,10,0
4,4,8,0
1,1,2,0
1,1,2,0
1,1,2,0
1,1,2,0
1,1,2,0
2,2,4,0
1,1,2,0
1,1,2,0
2,2,4,0
16,16,32,0
1,1,2,0
1,1,2,0
2,2,4,0
4,4,8,0
5,5,10,0
4,4,8,0
1,1,2,0
1,1,2,0
4,4,8,0
5,5,10,0
1,1,2,0
1,1,2,0
1,1,2,0
1,1,2,0
1,1,2,0
2,2,4,0
2,2,4,0
1,1,2,0
2,2,4,0
1,1,2,0
5,5,10,0
1,1,2,0
1,1,2,0
1,1,2,0
2,2,4,0
2,2,4,0
1,1,2,0
1,1,2,0
2,2,4,0
2,2,4,0
2,2,4,0
4,4,8,0
4,4,8,0
1,1,2,0
2,2,4,0
1,1,2,0
1,1,2,0
5,5,10,0
5,5,10,0
7,7,14,0
11,11,22,0
4,4,8,0
4,4,8,0
4,4,8,0
1,1,2,0
2,2,4,0
1,1,2,0
2,2,4,0
2,2,4,0
2,2,4,0
2,2,4,0
1,1,2,0
1,1,2,0
1,1,2,0
1,1,2,0
1,1,2,0
1,1,2,0
1,1,2,0
1,1,2,0
2,2,4,0
2,2,4,0
2,2,4,0
6,6,12,0
1,1,2,0
1,1,2,0
1,1,2,0
1,1,2,0
1,1,2,0
3,3,6,0
1,1,2,0
1,1,2,0
3,3,6,0
2,2,4,0
4,4,8,0
4,4,8,0
2,2,4,0
1,1,2,0
3,3,6,0
1,1,2,0
4,4,8,0
2,2,4,0
3,1,4,2
1,1,2,0
4,4,8,0
1,1,2,0
1,1,2,0
3,2,5,1
1,1,2,0
1,1,2,0
2,2,4,0
1,1,2,0
2,2,4,0
1,1,2,0
4,4,8,0
1,1,2,0
1,1,2,0
1,1,2,0
3,3,6,0
2,2,4,0
1,1,2,0
10,8,18,2
10,11,21,-1
1,1,2,0
7,7,14,0
10,10,20,0
6,6,12,0
4,4,8,0
1,1,2,0
48,5,53,43
40,1,41,39
9,10,19,-1
11,8,19,3
8,9,17,-1
7,5,12,2
6,1,7,5
7,5,12,2
1,1,2,0
2,2,4,0
1,1,2,0
0,2,2,-2
0,1,1,-1
0,16,16,-16
0,2,2,-2
0,2,2,-2
0,22,22,-22
0,51,51,-51
0,13,13,-13
0,2,2,-2
0,17,17,-17
3,17,20,-14
0,1,1,-1
0,6,6,-6
0,2,2,-2
0,2,2,-2
0,1,1,-1
0,8,8,-8
0,4,4,-4
0,2,2,-2
0,4,4,-4
0,2,2,-2
0,4,4,-4
0,1,1,-1
0,2,2,-2
0,4,4,-4
0,5,5,-5
0,3,3,-3
0,3,3,-3
0,10,10,-10
0,2,2,-2
0,40,40,-40
0,2,2,-2
0,6,6,-6
0,3,3,-3
3,8,11,-5
0,4,4,-4
0,1,1,-1
0,8,8,-8
0,4,4,-4
0,3,3,-3
0,2,2,-2
0,1,1,-1
0,1,1,-1
0,4,4,-4
0,2,2,-2
0,2,2,-2
0,1,1,-1
0,11,11,-11
0,1,1,-1
0,20,20,-20
0,1,1,-1
0,14,14,-14
0,2,2,-2
0,4,4,-4
0,2,2,-2
0,2,2,-2
0,1,1,-1
0,2,2,-2
0,4,4,-4
0,7,7,-7
0,2,2,-2
0,1,1,-1
0,1,1,-1
0,1,1,-1
0,1,1,-1
0,1,1,-1
0,1,1,-1
0,1,1,-1
1,1,2,0
0,1,1,-1
2,0,2,2
52,52,104,0
2,2,4,0
1,1,2,0
3,3,6,0
3,3,6,0
3,3,6,0
3,3,6,0
3,3,6,0
18,18,36,0
12,12,24,0
9,9,18,0
4,4,8,0
2,2,4,0
2,2,4,0
1,1,2,0
8,8,16,0
2,2,4,0
23,23,46,0
13,13,26,0
1,1,2,0
1,1,2,0
7,7,14,0
4,4,8,0
2,2,4,0
2,2,4,0
1,1,2,0
8,8,16,0
1,1,2,0
2,2,4,0
4,4,8,0
13,13,26,0
1,1,2,0
1,1,2,0
1,1,2,0
5,5,10,0
5,5,10,0
5,5,10,0
1,1,2,0
11,11,22,0
10,10,20,0
9,9,18,0
20,20,40,0
26,26,52,0
30,30,60,0
5,5,10,0
36,36,72,0
6,6,12,0
5,5,10,0
2,2,4,0
8,8,16,0
8,8,16,0
14,14,28,0
7,7,14,0
8,8,16,0
7,7,14,0
7,7,14,0
8,8,16,0
4,4,8,0
4,4,8,0
5,5,10,0
1,1,2,0
1,1,2,0
1,1,2,0
1,1,2,0
3,3,6,0
1,1,2,0
2,2,4,0
10,10,20,0
2,2,4,0
2,2,4,0
5,5,10,0
16,16,32,0
8,8,16,0
12,12,24,0
9,9,18,0
7,7,14,0
7,7,14,0
5,5,10,0
4,4,8,0
12,10,22,2
1,1,2,0
5,5,10,0
10,10,20,0
24,24,48,0
26,26,52,0
63,63,126,0
1,1,2,0
1,1,2,0
2,2,4,0
1,1,2,0
3,3,6,0
1,1,2,0
67,67,134,0
1,1,2,0
97,97,194,0
1,1,2,0
1,1,2,0
2,2,4,0
1,1,2,0
1,1,2,0
2,2,4,0
1,1,2,0
9,9,18,0
2,2,4,0
2,2,4,0
2,2,4,0
2,2,4,0
6,6,12,0
2,2,4,0
1,1,2,0
4,4,8,0
2,2,4,0
2,2,4,0
18,18,36,0
4,4,8,0
4,4,8,0
55,55,110,0
7,7,14,0
2,2,4,0
2,2,4,0
6,6,12,0
4,4,8,0
1,1,2,0
3,3,6,0
1,1,2,0
1,1,2,0
2,2,4,0
5,5,10,0
2,2,4,0
1,1,2,0
1,1,2,0
1,1,2,0
3,3,6,0
6,6,12,0
3,3,6,0
4,4,8,0
1,1,2,0
1,1,2,0
2,2,4,0
2,2,4,0
1,1,2,0
1,1,2,0
9,9,18,0
1,1,2,0
1,1,2,0
2,2,4,0
3,3,6,0
3,3,6,0
3,3,6,0
1,1,2,0
3,3,6,0
3,3,6,0
3,3,6,0
3,3,6,0
1,1,2,0
3,3,6,0
3,3,6,0
1,1,2,0
3,3,6,0
1,1,2,0
1,1,2,0
2,2,4,0
2,2,4,0
2,2,4,0
2,2,4,0
3,3,6,0
10,10,20,0
6,6,12,0
4,4,8,0
6,6,12,0
1,1,2,0
2,2,4,0
6,6,12,0
18,18,36,0
1,1,2,0
4,4,8,0
2,2,4,0
53,53,106,0
16,16,32,0
1,1,2,0
14,14,28,0
4,4,8,0
8,8,16,0
4,4,8,0
9,9,18,0
18,18,36,0
1,1,2,0
1,1,2,0
2,2,4,0
2,2,4,0
5,5,10,0
18,18,36,0
1,1,2,0
2,2,4,0
1,1,2,0
37,37,74,0
1,1,2,0
4,4,8,0
4,4,8,0
4,4,8,0
2,2,4,0
2,2,4,0
2,2,4,0
2,2,4,0
11,11,22,0
41,40,81,1
15,15,30,0
13,13,26,0
6,6,12,0
3,3,6,0
1,1,2,0
24,24,48,0
4,4,8,0
5,5,10,0
4,4,8,0
9,9,18,0
5,5,10,0
13,13,26,0
1,1,2,0
6,6,12,0
2,2,4,0
2,2,4,0
7,7,14,0
12,12,24,0
10,10,20,0
1,1,2,0
6,6,12,0
3,3,6,0
2,2,4,0
1,1,2,0
1,1,2,0
14,12,26,2
2,2,4,0
3,3,6,0
5,5,10,0
3,3,6,0
1,1,2,0
28,28,56,0
4,4,8,0
1,1,2,0
1,1,2,0
4,4,8,0
2,2,4,0
3,3,6,0
23,23,46,0
22,22,44,0
2,2,4,0
1,1,2,0
1,1,2,0
8,8,16,0
4,4,8,0
1,1,2,0
4,4,8,0
14,14,28,0
5,5,10,0
4,4,8,0
1,1,2,0
11,11,22,0
3,3,6,0
24,24,48,0
24,24,48,0
6,6,12,0
15,15,30,0
5,5,10,0
11,11,22,0
5,5,10,0
1,1,2,0
1,1,2,0
1,1,2,0
4,4,8,0
3,3,6,0
3,3,6,0
2,2,4,0
3,3,6,0
1,1,2,0
3,3,6,0
2,2,4,0
3,3,6,0
12,12,24,0
1,1,2,0
9,9,18,0
6,6,12,0
5,5,10,0
12,12,24,0
30,30,60,0
4,4,8,0
6,6,12,0
16,16,32,0
10,10,20,0
7,7,14,0
12,12,24,0
19,19,38,0
10,10,20,0
3,3,6,0
4,4,8,0
5,5,10,0
10,10,20,0
5,5,10,0
19,19,38,0
45,44,89,1
20,20,40,0
9,9,18,0
2,2,4,0
6,6,12,0
1,1,2,0
2,2,4,0
26,26,52,0
4,4,8,0
5,5,10,0
4,4,8,0
1,1,2,0
10,10,20,0
2,2,4,0
8,8,16,0
14,14,28,0
1,1,2,0
11,11,22,0
1,1,2,0
1,1,2,0
2,2,4,0
7,7,14,0
1,1,2,0
1,1,2,0
6,6,12,0
2,2,4,0
1,1,2,0
1,1,2,0
1,1,2,0
9,9,18,0
29,29,58,0
2,2,4,0
1,1,2,0
2,2,4,0
19,19,38,0
1,1,2,0
2,2,4,0
48,47,95,1
4,4,8,0
1,1,2,0
3,3,6,0
3,3,6,0
8,8,16,0
7,7,14,0
24,24,48,0
34,34,68,0
2,2,4,0
2,2,4,0
3,3,6,0
15,15,30,0
1,1,2,0
7,5,12,2
3,3,6,0
2,2,4,0
4,4,8,0
1,1,2,0
4,4,8,0
4,4,8,0
6,6,12,0
19,19,38,0
33,33,66,0
11,11,22,0
11,11,22,0
11,11,22,0
3,3,6,0
44,44,88,0
44,44,88,0
15,15,30,0
7,7,14,0
12,12,24,0
8,8,16,0
2,2,4,0
4,4,8,0
1,1,2,0
2,2,4,0
7,7,14,0
4,4,8,0
9,9,18,0
5,5,10,0
3,3,6,0
1,1,2,0
6,6,12,0
1,1,2,0
2,2,4,0
4,4,8,0
3,3,6,0
3,3,6,0
13,13,26,0
1,1,2,0
9,9,18,0
6,6,12,0
1,1,2,0
10,10,20,0
1,1,2,0
12,12,24,0
30,30,60,0
1,1,2,0
4,4,8,0
6,6,12,0
16,16,32,0
11,11,22,0
7,7,14,0
13,13,26,0
25,25,50,0
15,15,30,0
3,3,6,0
4,1,5,3
6,5,11,1
3,3,6,0
3,3,6,0
2,2,4,0
5,5,10,0
4,4,8,0
5,5,10,0
3,3,6,0
36,36,72,0
3,3,6,0
11,9,20,2
2,2,4,0
6,6,12,0
1,1,2,0
4,4,8,0
3,3,6,0
12,10,22,2
7,7,14,0
2,2,4,0
6,6,12,0
3,3,6,0
4,4,8,0
21,21,42,0
6,6,12,0
3,3,6,0
13,11,24,2
2,2,4,0
6,6,12,0
3,3,6,0
4,4,8,0
8,8,16,0
1,1,2,0
3,3,6,0
10,8,18,2
7,7,14,0
2,2,4,0
6,6,12,0
3,3,6,0
4,4,8,0
5,5,10,0
1,1,2,0
18,17,35,1
2,2,4,0
101,70,171,31
2,2,4,0
3,3,6,0
2,2,4,0
3,3,6,0
2,2,4,0
9,9,18,0
9,9,18,0
9,9,18,0
9,9,18,0
3,3,6,0
12,11,23,1
32,24,56,8
1,1,2,0
2,2,4,0
1,1,2,0
2,2,4,0
2,2,4,0
3,3,6,0
1,1,2,0
3,3,6,0
10,10,20,0
12,12,24,0
8,7,15,1
16,14,30,2
40,37,77,3
3,3,6,0
2,2,4,0
1,1,2,0
1,1,2,0
1,0,1,1
1,0,1,1
1,0,1,1
1,0,1,1
1,0,1,1
1,0,1,1
1,0,1,1
1,0,1,1
1,0,1,1
1,0,1,1
1,0,1,1
1,0,1,1
1,0,1,1
1,0,1,1
1,0,1,1
1,0,1,1
1,0,1,1
1,0,1,1
1,0,1,1
1,0,1,1
1,0,1,1
1,0,1,1
1,0,1,1
1,0,1,1
1,0,1,1
1,0,1,1
1,0,1,1
1,0,1,1
1,0,1,1
1,0,1,1
1,0,1,1
1,0,1,1
1,0,1,1
1,0,1,1
1,0,1,1
1,0,1,1
1,0,1,1
1,0,1,1
1,0,1,1
1,0,1,1
1,0,1,1
1,0,1,1
1,0,1,1
1,0,1,1
1,0,1,1
1,0,1,1
73,72,145,1
477,477,954,0
178,177,355,1
2,3,5,-1
475,475,950,0
151,150,301,1
8,9,17,-1
6,5,11,1
2,2,4,0
3,2,5,1
2,2,4,0
8,9,17,-1
8,8,16,0
0,16,16,-16
4,4,8,0
3,3,6,0
3,2,5,1
3,2,5,1
3,3,6,0
3,3,6,0
2,2,4,0
2,2,4,0
3,2,5,1
7,6,13,1
3,4,7,-1
2,3,5,-1
3,3,6,0
7,8,15,-1
3,2,5,1
3,2,5,1
5,5,10,0
3,3,6,0
2,2,4,0
3,3,6,0
2,2,4,0
3,2,5,1
3,2,5,1
3,3,6,0
2,2,4,0
2,2,4,0
2,2,4,0
2,2,4,0
2,2,4,0
3,3,6,0
3,2,5,1
3,3,6,0
2,2,4,0
4,3,7,1
3,4,7,-1
4,3,7,1
4,5,9,-1
7,6,13,1
5,4,9,1
3,2,5,1
3,2,5,1
2,2,4,0
3,2,5,1
3,2,5,1
3,2,5,1
3,2,5,1
2,2,4,0
3,2,5,1
4,3,7,1
3,2,5,1
3,3,6,0
2,2,4,0
3,3,6,0
2,2,4,0
1,2,3,-1
2,2,4,0
3,3,6,0
2,2,4,0
4,4,8,0
3,3,6,0
3,2,5,1
4,4,8,0
2,2,4,0
3,3,6,0
2,2,4,0
4,4,8,0
2,2,4,0
2,2,4,0
2,2,4,0
3,2,5,1
3,2,5,1
2,2,4,0
3,3,6,0
3,2,5,1
2,2,4,0
3,3,6,0
2,2,4,0
2,2,4,0
2,2,4,0
2,2,4,0
2,2,4,0
2,2,4,0
2,2,4,0
3,3,6,0
3,3,6,0
2,2,4,0
2,2,4,0
2,2,4,0
2,2,4,0
2,2,4,0
2,2,4,0
5,4,9,1
3,3,6,0
4,3,7,1
1,2,3,-1
2,3,5,-1
3,3,6,0
7,8,15,-1
3,2,5,1
3,2,5,1
2,2,4,0
3,3,6,0
2,2,4,0
3,3,6,0
2,2,4,0
3,2,5,1
3,2,5,1
3,3,6,0
1,2,3,-1
2,2,4,0
2,2,4,0
2,2,4,0
2,2,4,0
2,2,4,0
3,2,5,1
3,3,6,0
1,2,3,-1
3,4,7,-1
4,3,7,1
4,5,9,-1
3,2,5,1
4,3,7,1
5,4,9,1
2,2,4,0
3,2,5,1
3,2,5,1
3,2,5,1
2,2,4,0
2,3,5,-1
2,2,4,0
3,3,6,0
3,2,5,1
4,3,7,1
2,2,4,0
3,3,6,0
2,2,4,0
1,2,3,-1
2,2,4,0
3,3,6,0
2,2,4,0
4,4,8,0
3,2,5,1
4,3,7,1
4,3,7,1
4,3,7,1
5,4,9,1
6,5,11,1
10,9,19,1
4,3,7,1
3,3,6,0
3,2,5,1
3,2,5,1
2,2,4,0
2,2,4,0
3,3,6,0
2,2,4,0
2,2,4,0
2,2,4,0
2,2,4,0
3,2,5,1
3,2,5,1
3,2,5,1
2,2,4,0
2,2,4,0
3,3,6,0
1,2,3,-1
2,2,4,0
2,2,4,0
5,5,10,0
1,1,2,0
3,2,5,1
2,2,4,0
2,2,4,0
2,2,4,0
2,2,4,0
36,36,72,0
12,12,24,0
3,3,6,0
2,2,4,0
3,2,5,1
1,2,3,-1
2,2,4,0
2,2,4,0
2,1,3,1
2,2,4,0
1,1,2,0
1,1,2,0
8,3,11,5
6,0,6,6
70,71,141,-1
73,94,167,-21
30,6,36,24
0,1,1,-1
2,4,6,-2
1,1,2,0
1,1,2,0
1,2,3,-1
1,1,2,0
1,1,2,0
1,1,2,0
1,1,2,0
1,1,2,0
1,1,2,0
1,1,2,0
1,1,2,0
1,1,2,0
1,1,2,0
1,1,2,0
1,1,2,0
1,1,2,0
1,1,2,0
1,1,2,0
1,1,2,0
1,1,2,0
47,27,74,20
12,13,25,-1
7,4,11,3
8,3,11,5
3,0,3,3
0,4,4,-4
0,4,4,-4
8,4,12,4
8,4,12,4
10,0,10,10
0,0,0,0
1,1,2,0
19,3,22,16
17,1,18,16
5,5,10,0
1,1,2,0
0,3,3,-3
5,6,11,-1
1,0,1,1
14,0,14,14
14,0,14,14
12,12,24,0
7,6,13,1
89,7,96,82
1,0,1,1
1,2,3,-1
2,2,4,0
1,1,2,0
13,13,26,0
13,13,26,0
5,5,10,0
3,3,6,0
1,1,2,0
2,2,4,0
38,34,72,4
0,0,0,0
1,1,2,0
6,4,10,2
1,1,2,0
1,1,2,0
12,10,22,2
4,18,22,-14
4,25,29,-21
28,0,28,28
1,0,1,1
1,1,2,0
11,11,22,0
0,275,275,-275
0,84,84,-84
0,64,64,-64
0,190,190,-190
0,124,124,-124
0,66,66,-66
0,72,72,-72
0,69,69,-69
0,69,69,-69
0,73,73,-73
0,63,63,-63
0,122,122,-122
0,183,183,-183
0,46,46,-46
0,517,517,-517
0,61,61,-61
0,92,92,-92
0,176,176,-176
0,86,86,-86
0,56,56,-56
0,61,61,-61
0,62,62,-62
0,50,50,-50
0,50,50,-50
0,106,106,-106
0,85,85,-85
0,80,80,-80
0,116,116,-116
0,119,119,-119
0,95,95,-95
0,111,111,-111
0,482,482,-482
0,112,112,-112
274,0,274,274
84,0,84,84
64,0,64,64
190,0,190,190
124,0,124,124
66,0,66,66
72,0,72,72
69,0,69,69
69,0,69,69
73,0,73,73
63,0,63,63
122,0,122,122
183,0,183,183
46,0,46,46
517,0,517,517
61,0,61,61
91,0,91,91
175,0,175,175
86,0,86,86
56,0,56,56
61,0,61,61
62,0,62,62
50,0,50,50
50,0,50,50
106,0,106,106
84,0,84,84
80,0,80,80
116,0,116,116
119,0,119,119
95,0,95,95
111,0,111,111
482,0,482,482
112,0,112,112
88,0,88,88
88,0,88,88
88,0,88,88
88,0,88,88
88,0,88,88
88,0,88,88
88,0,88,88
88,0,88,88
88,0,88,88
88,0,88,88
88,0,88,88
88,0,88,88
87,0,87,87
87,0,87,87
87,0,87,87
87,0,87,87
87,0,87,87
87,0,87,87
87,0,87,87
87,0,87,87
87,0,87,87
87,0,87,87
87,0,87,87
87,0,87,87
0,88,88,-88
0,88,88,-88
0,88,88,-88
0,88,88,-88
0,88,88,-88
0,88,88,-88
0,88,88,-88
0,88,88,-88
0,88,88,-88
0,88,88,-88
0,88,88,-88
0,88,88,-88
0,87,87,-87
0,87,87,-87
0,87,87,-87
0,87,87,-87
0,87,87,-87
0,87,87,-87
0,87,87,-87
0,87,87,-87
0,87,87,-87
0,87,87,-87
0,87,87,-87
0,87,87,-87
0,28,28,-28
0,43,43,-43
0,2755,2755,-2755
0,34,34,-34
0,98,98,-98
0,68,68,-68
0,31,31,-31
0,30,30,-30
0,31,31,-31
0,30,30,-30
0,46,46,-46
0,18663,18663,-18663
0,35,35,-35
0,104,104,-104
0,33,33,-33
0,34,34,-34
0,40,40,-40
0,34,34,-34
0,4776,4776,-4776
0,35,35,-35
0,107,107,-107
0,92,92,-92
0,33,33,-33
0,32,32,-32
0,35,35,-35
0,33,33,-33
0,161,161,-161
0,15497,15497,-15497
0,35,35,-35
0,96,96,-96
0,33,33,-33
0,33,33,-33
0,32,32,-32
0,33,33,-33
0,119,119,-119
0,604,604,-604
0,4102,4102,-4102
0,35,35,-35
0,101,101,-101
0,85,85,-85
0,33,33,-33
0,33,33,-33
0,35,35,-35
0,33,33,-33
0,48,48,-48
0,31,31,-31
0,22,22,-22
0,32,32,-32
0,22,22,-22
0,33,33,-33
0,33,33,-33
0,76,76,-76
0,20,20,-20
0,35,35,-35
0,257,257,-257
0,29,29,-29
0,113,113,-113
0,45,45,-45
0,52,52,-52
0,37,37,-37
0,88,88,-88
0,33,33,-33
0,22,22,-22
0,294,294,-294
0,76,76,-76
0,38,38,-38
0,53,53,-53
0,33,33,-33
0,33,33,-33
0,21,21,-21
0,325,325,-325
0,54,54,-54
0,22,22,-22
0,25,25,-25
0,30,30,-30
0,35,35,-35
0,33,33,-33
0,26,26,-26
0,27,27,-27
0,27,27,-27
0,33,33,-33
0,36,36,-36
0,38,38,-38
0,40,40,-40
0,42,42,-42
0,44,44,-44
0,46,46,-46
0,48,48,-48
0,30,30,-30
0,25,25,-25
0,30,30,-30
0,33,33,-33
0,21,21,-21
0,96,96,-96
0,56,56,-56
0,47,47,-47
0,185,185,-185
0,117,117,-117
0,187,187,-187
0,79,79,-79
0,792,792,-792
0,144,144,-144
0,36,36,-36
0,43,43,-43
0,43,43,-43
0,43,43,-43
0,29,29,-29
0,31,31,-31
0,31,31,-31
0,33,33,-33
0,31,31,-31
0,55,55,-55
0,83,83,-83
0,57,57,-57
0,37,37,-37
0,28,28,-28
0,71,71,-71
0,17,17,-17
0,183,183,-183
0,40,40,-40
0,34,34,-34
0,72,72,-72
0,84,84,-84
0,39,39,-39
0,34,34,-34
0,146,146,-146
0,67,67,-67
0,91,91,-91
0,83,83,-83
0,157,157,-157
0,73,73,-73
0,98,98,-98
0,62,62,-62
0,111,111,-111
0,175,175,-175
0,152,152,-152
0,121,121,-121
0,31,31,-31
0,114,114,-114
0,146,146,-146
0,53,53,-53
0,59,59,-59
0,133,133,-133
0,107,107,-107
0,170,170,-170
0,255,255,-255
0,93,93,-93
0,123,123,-123
0,127,127,-127
0,45,45,-45
0,112,112,-112
0,89,89,-89
0,95,95,-95
0,104,104,-104
0,75,75,-75
0,29,29,-29
0,31,31,-31
0,44,44,-44
0,50,50,-50
0,50,50,-50
0,59,59,-59
0,83,83,-83
0,50,50,-50
0,54,54,-54
0,53,53,-53
0,30,30,-30
0,78,78,-78
0,47,47,-47
0,39,39,-39
0,203,203,-203
0,106,106,-106
0,118,118,-118
0,100,100,-100
0,148,148,-148
0,30,30,-30
0,94,94,-94
0,76,76,-76
0,145,145,-145
0,102,102,-102
0,94,94,-94
0,144,144,-144
0,137,137,-137
0,73,73,-73
0,34,34,-34
0,98,98,-98
0,82,82,-82
0,199,199,-199
0,49,49,-49
0,185,185,-185
0,118,118,-118
0,123,123,-123
0,175,175,-175
0,107,107,-107
0,126,126,-126
0,226,226,-226
0,105,105,-105
0,124,124,-124
0,53,53,-53
0,130,130,-130
0,442,442,-442
0,419,419,-419
0,216,216,-216
0,574,574,-574
0,417,417,-417
0,114,114,-114
0,131,131,-131
0,557,557,-557
0,153,153,-153
0,618,618,-618
0,376,376,-376
0,59,59,-59
0,49,49,-49
0,550,550,-550
0,112,112,-112
0,105,105,-105
0,98,98,-98
0,75,75,-75
0,91,91,-91
0,725,725,-725
0,207,207,-207
0,209,209,-209
0,43,43,-43
0,146,146,-146
0,141,141,-141
0,126,126,-126
0,87,87,-87
0,143,143,-143
0,227,227,-227
0,137,137,-137
0,264,264,-264
0,348,348,-348
0,124,124,-124
0,119,119,-119
0,118,118,-118
0,131,131,-131
0,41,41,-41
0,41,41,-41
0,169,169,-169
0,689,689,-689
0,235,235,-235
0,221,221,-221
0,400,400,-400
0,45,45,-45
0,367,367,-367
0,453,453,-453
0,272,272,-272
0,58,58,-58
0,56,56,-56
0,414,414,-414
0,72,72,-72
0,31,31,-31
0,63,63,-63
0,200,200,-200
0,731,731,-731
0,492,492,-492
0,81,81,-81
0,108,108,-108
0,88,88,-88
0,317,317,-317
0,106,106,-106
0,127,127,-127
0,400,400,-400
0,41,41,-41
0,100,100,-100
0,115,115,-115
0,63,63,-63
0,135,135,-135
0,144,144,-144
0,110,110,-110
0,43,43,-43
0,64,64,-64
0,152,152,-152
0,358,358,-358
0,348,348,-348
0,30,30,-30
0,729,729,-729
0,272,272,-272
0,278,278,-278
0,128,128,-128
0,103,103,-103
0,171,171,-171
0,118,118,-118
0,71,71,-71
0,487,487,-487
0,520,520,-520
0,244,244,-244
0,246,246,-246
0,122,122,-122
0,142,142,-142
0,125,125,-125
0,59,59,-59
0,245,245,-245
0,111,111,-111
0,119,119,-119
0,201,201,-201
0,1288,1288,-1288
0,123,123,-123
0,134,134,-134
0,86,86,-86
0,225,225,-225
0,184,184,-184
0,162,162,-162
0,116,116,-116
0,242,242,-242
0,352,352,-352
0,251,251,-251
0,29,29,-29
0,121,121,-121
0,119,119,-119
0,131,131,-131
0,83,83,-83
0,88,88,-88
0,218,218,-218
0,138,138,-138
0,97,97,-97
0,160,160,-160
0,77,77,-77
0,426,426,-426
0,120,120,-120
0,130,130,-130
0,78,78,-78
0,240,240,-240
0,40,40,-40
0,125,125,-125
0,104,104,-104
0,111,111,-111
0,151,151,-151
0,246,246,-246
0,92,92,-92
0,389,389,-389
0,324,324,-324
0,90,90,-90
0,93,93,-93
0,117,117,-117
0,100,100,-100
0,185,185,-185
0,532,532,-532
0,303,303,-303
0,387,387,-387
0,846,846,-846
0,163,163,-163
0,303,303,-303
0,413,413,-413
0,171,171,-171
0,37,37,-37
0,152,152,-152
0,198,198,-198
0,104,104,-104
0,163,163,-163
0,174,174,-174
0,192,192,-192
0,99,99,-99
0,91,91,-91
0,153,153,-153
0,49,49,-49
0,126,126,-126
0,161,161,-161
0,150,150,-150
0,115,115,-115
0,97,97,-97
0,98,98,-98
0,109,109,-109
0,118,118,-118
0,90,90,-90
0,36,36,-36
0,166,166,-166
0,37,37,-37
0,49,49,-49
0,105,105,-105
0,102,102,-102
0,163,163,-163
0,105,105,-105
0,296,296,-296
0,206,206,-206
0,168,168,-168
0,136,136,-136
0,132,132,-132
0,133,133,-133
0,65,65,-65
0,72,72,-72
0,85,85,-85
0,73,73,-73
0,65,65,-65
0,85,85,-85
0,71,71,-71
0,81,81,-81
0,86,86,-86
0,95,95,-95
0,82,82,-82
0,101,101,-101
0,43,43,-43
0,50,50,-50
0,102,102,-102
0,39,39,-39
0,453,453,-453
0,30,30,-30
0,110,110,-110
0,104,104,-104
0,148,148,-148
0,100,100,-100
0,181,181,-181
0,104,104,-104
0,125,125,-125
0,127,127,-127
0,152,152,-152
0,156,156,-156
0,203,203,-203
0,208,208,-208
0,75,75,-75
0,89,89,-89
0,99,99,-99
0,36,36,-36
0,102,102,-102
0,34,34,-34
0,98,98,-98
0,235,235,-235
0,196,196,-196
0,88,88,-88
0,100,100,-100
0,114,114,-114
0,278,278,-278
0,334,334,-334
0,324,324,-324
0,222,222,-222
0,296,296,-296
0,285,285,-285
0,70,70,-70
0,113,113,-113
0,127,127,-127
0,293,293,-293
0,300,300,-300
0,290,290,-290
0,220,220,-220
0,283,283,-283
0,272,272,-272
0,153,153,-153
0,113,113,-113
0,43,43,-43
0,156,156,-156
0,114,114,-114
0,123,123,-123
0,172,172,-172
0,107,107,-107
0,113,113,-113
0,204,204,-204
0,108,108,-108
0,115,115,-115
0,51,51,-51
0,105,105,-105
0,224,224,-224
0,386,386,-386
0,201,201,-201
0,565,565,-565
0,399,399,-399
0,113,113,-113
0,120,120,-120
0,323,323,-323
0,535,535,-535
0,419,419,-419
0,559,559,-559
0,100,100,-100
0,106,106,-106
0,102,102,-102
0,75,75,-75
0,85,85,-85
0,293,293,-293
0,191,191,-191
0,186,186,-186
0,41,41,-41
0,146,146,-146
0,108,108,-108
0,126,126,-126
0,92,92,-92
0,134,134,-134
0,117,117,-117
0,78,78,-78
0,150,150,-150
0,151,151,-151
0,35,35,-35
0,119,119,-119
0,106,106,-106
0,120,120,-120
0,35,35,-35
0,39,39,-39
0,75,75,-75
0,577,577,-577
0,209,209,-209
0,193,193,-193
0,319,319,-319
0,293,293,-293
0,148,148,-148
0,115,115,-115
0,63,63,-63
0,52,52,-52
0,164,164,-164
0,79,79,-79
0,62,62,-62
0,29,29,-29
0,174,174,-174
0,357,357,-357
0,481,481,-481
0,80,80,-80
0,71,71,-71
0,80,80,-80
0,311,311,-311
0,90,90,-90
0,107,107,-107
0,361,361,-361
0,42,42,-42
0,97,97,-97
0,110,110,-110
0,59,59,-59
0,77,77,-77
0,129,129,-129
0,78,78,-78
0,146,146,-146
0,267,267,-267
0,258,258,-258
0,29,29,-29
0,321,321,-321
0,109,109,-109
0,95,95,-95
0,290,290,-290
0,143,143,-143
0,114,114,-114
0,111,111,-111
0,127,127,-127
0,119,119,-119
0,57,57,-57
0,243,243,-243
0,101,101,-101
0,104,104,-104
0,182,182,-182
0,1097,1097,-1097
0,111,111,-111
0,122,122,-122
0,182,182,-182
0,170,170,-170
0,210,210,-210
0,255,255,-255
0,115,115,-115
0,128,128,-128
0,256,256,-256
0,260,260,-260
0,28,28,-28
0,104,104,-104
0,115,115,-115
0,80,80,-80
0,85,85,-85
0,198,198,-198
0,128,128,-128
0,93,93,-93
0,99,99,-99
0,76,76,-76
0,398,398,-398
0,102,102,-102
0,102,102,-102
0,85,85,-85
0,182,182,-182
0,133,133,-133
0,102,102,-102
0,110,110,-110
0,128,128,-128
0,214,214,-214
0,91,91,-91
0,378,378,-378
0,313,313,-313
0,77,77,-77
0,103,103,-103
0,111,111,-111
0,99,99,-99
0,179,179,-179
0,247,247,-247
0,286,286,-286
0,369,369,-369
0,748,748,-748
0,147,147,-147
0,292,292,-292
0,301,301,-301
0,173,173,-173
0,73,73,-73
0,157,157,-157
0,72,72,-72
0,295,295,-295
0,212,212,-212
0,275,275,-275
0,75,75,-75
0,50,50,-50
0,440,440,-440
0,558,558,-558
0,236,236,-236
0,300,300,-300
0,212,212,-212
0,158,158,-158
0,258,258,-258
0,450,450,-450
0,304,304,-304
0,131,131,-131
0,178,178,-178
0,74,74,-74
0,131,131,-131
0,45,45,-45
0,96,96,-96
0,82,82,-82
0,100,100,-100
0,109,109,-109
0,82,82,-82
0,104,104,-104
0,90,90,-90
0,95,95,-95
0,102,102,-102
0,105,105,-105
0,93,93,-93
0,67,67,-67
0,76,76,-76
0,90,90,-90
0,69,69,-69
0,78,78,-78
0,93,93,-93
0,44,44,-44
0,120,120,-120
0,105,105,-105
0,290,290,-290
0,200,200,-200
0,130,130,-130
0,137,137,-137
0,59,59,-59
0,116,116,-116
0,62,62,-62
0,29,29,-29
0,72,72,-72
0,123,123,-123
0,33,33,-33
0,47,47,-47
0,72,72,-72
0,39,39,-39
0,30,30,-30
0,95,95,-95
0,86,86,-86
0,93,93,-93
0,93,93,-93
0,167,167,-167
0,170,170,-170
0,73,73,-73
0,76,76,-76
0,87,87,-87
0,95,95,-95
0,200,200,-200
0,185,185,-185
0,88,88,-88
0,189,189,-189
0,136,136,-136
0,291,291,-291
0,86,86,-86
0,246,246,-246
0,58,58,-58
0,473,473,-473
0,105,105,-105
0,107,107,-107
0,259,259,-259
0,57,57,-57
0,182,182,-182
0,22,22,-22
0,90,90,-90
0,46,46,-46
0,45,45,-45
0,140,140,-140
0,51,51,-51
0,159,159,-159
0,348,348,-348
0,218,218,-218
0,208,208,-208
0,183,183,-183
0,184,184,-184
0,82,82,-82
0,43,43,-43
0,34,34,-34
0,74,74,-74
0,140,140,-140
0,77,77,-77
0,113,113,-113
0,171,171,-171
0,146,146,-146
0,31,31,-31
0,126,126,-126
0,196,196,-196
0,126,126,-126
0,111,111,-111
0,88,88,-88
0,102,102,-102
0,94,94,-94
0,38,38,-38
0,38,38,-38
0,49,49,-49
0,204,204,-204
0,102,102,-102
0,110,110,-110
0,285,285,-285
0,254,254,-254
0,180,180,-180
0,41,41,-41
0,145,145,-145
0,151,151,-151
0,63,63,-63
0,42,42,-42
0,29,29,-29
0,88,88,-88
0,150,150,-150
0,26,26,-26
0,146,146,-146
0,137,137,-137
0,31,31,-31
0,111,111,-111
0,35,35,-35
0,70,70,-70
0,306,306,-306
0,41,41,-41
0,174,174,-174
0,45,45,-45
0,46,46,-46
0,429,429,-429
0,33,33,-33
0,26,26,-26
0,187,187,-187
0,298,298,-298
0,54,54,-54
0,22,22,-22
0,608,608,-608
0,91,91,-91
0,80,80,-80
0,89,89,-89
0,93,93,-93
0,82,82,-82
0,33,33,-33
0,132,132,-132
0,142,142,-142
0,140,140,-140
0,135,135,-135
0,220,220,-220
0,201,201,-201
0,214,214,-214
0,24,24,-24
0,54,54,-54
0,45,45,-45
0,927,927,-927
0,35,35,-35
0,34,34,-34
0,21,21,-21
0,1327,1327,-1327
0,21,21,-21
0,364,364,-364
0,622,622,-622
0,79,79,-79
0,640,640,-640
0,404,404,-404
0,1338,1338,-1338
0,200,200,-200
0,585,585,-585
0,39,39,-39
48,0,48,48
31,0,31,31
22,0,22,22
28,0,28,28
22,0,22,22
28,0,28,28
28,0,28,28
76,0,76,76
20,0,20,20
28,0,28,28
43,0,43,43
2755,0,2755,2755
34,0,34,34
98,0,98,98
68,0,68,68
31,0,31,31
30,0,30,30
31,0,31,31
30,0,30,30
46,0,46,46
18663,0,18663,18663
35,0,35,35
104,0,104,104
33,0,33,33
35,0,35,35
41,0,41,41
35,0,35,35
4776,0,4776,4776
35,0,35,35
107,0,107,107
92,0,92,92
33,0,33,33
32,0,32,32
35,0,35,35
33,0,33,33
161,0,161,161
15497,0,15497,15497
35,0,35,35
96,0,96,96
33,0,33,33
33,0,33,33
32,0,32,32
33,0,33,33
119,0,119,119
604,0,604,604
4102,0,4102,4102
35,0,35,35
101,0,101,101
85,0,85,85
33,0,33,33
33,0,33,33
35,0,35,35
33,0,33,33
54,0,54,54
35,0,35,35
257,0,257,257
29,0,29,29
114,0,114,114
45,0,45,45
52,0,52,52
37,0,37,37
88,0,88,88
34,0,34,34
22,0,22,22
294,0,294,294
76,0,76,76
38,0,38,38
53,0,53,53
33,0,33,33
33,0,33,33
21,0,21,21
325,0,325,325
54,0,54,54
22,0,22,22
25,0,25,25
30,0,30,30
35,0,35,35
33,0,33,33
26,0,26,26
27,0,27,27
27,0,27,27
33,0,33,33
36,0,36,36
38,0,38,38
40,0,40,40
42,0,42,42
44,0,44,44
46,0,46,46
48,0,48,48
30,0,30,30
25,0,25,25
30,0,30,30
33,0,33,33
21,0,21,21
96,0,96,96
56,0,56,56
47,0,47,47
185,0,185,185
117,0,117,117
187,0,187,187
79,0,79,79
792,0,792,792
144,0,144,144
36,0,36,36
43,0,43,43
43,0,43,43
43,0,43,43
29,0,29,29
31,0,31,31
31,0,31,31
33,0,33,33
31,0,31,31
55,0,55,55
83,0,83,83
57,0,57,57
37,0,37,37
28,0,28,28
71,0,71,71
17,0,17,17
183,0,183,183
40,0,40,40
34,0,34,34
72,0,72,72
84,0,84,84
39,0,39,39
34,0,34,34
146,0,146,146
67,0,67,67
91,0,91,91
83,0,83,83
157,0,157,157
73,0,73,73
98,0,98,98
62,0,62,62
111,0,111,111
175,0,175,175
152,0,152,152
121,0,121,121
31,0,31,31
114,0,114,114
146,0,146,146
53,0,53,53
59,0,59,59
133,0,133,133
107,0,107,107
170,0,170,170
255,0,255,255
93,0,93,93
123,0,123,123
127,0,127,127
45,0,45,45
112,0,112,112
89,0,89,89
95,0,95,95
104,0,104,104
72,0,72,72
29,0,29,29
31,0,31,31
44,0,44,44
50,0,50,50
50,0,50,50
59,0,59,59
83,0,83,83
48,0,48,48
54,0,54,54
53,0,53,53
30,0,30,30
76,0,76,76
47,0,47,47
39,0,39,39
203,0,203,203
106,0,106,106
118,0,118,118
100,0,100,100
148,0,148,148
30,0,30,30
94,0,94,94
76,0,76,76
145,0,145,145
102,0,102,102
94,0,94,94
144,0,144,144
137,0,137,137
73,0,73,73
34,0,34,34
98,0,98,98
82,0,82,82
199,0,199,199
49,0,49,49
185,0,185,185
118,0,118,118
123,0,123,123
175,0,175,175
107,0,107,107
126,0,126,126
226,0,226,226
105,0,105,105
124,0,124,124
53,0,53,53
130,0,130,130
442,0,442,442
419,0,419,419
216,0,216,216
574,0,574,574
417,0,417,417
114,0,114,114
131,0,131,131
557,0,557,557
153,0,153,153
618,0,618,618
376,0,376,376
59,0,59,59
49,0,49,49
550,0,550,550
112,0,112,112
105,0,105,105
98,0,98,98
75,0,75,75
91,0,91,91
725,0,725,725
207,0,207,207
209,0,209,209
43,0,43,43
146,0,146,146
141,0,141,141
126,0,126,126
87,0,87,87
143,0,143,143
227,0,227,227
137,0,137,137
264,0,264,264
348,0,348,348
124,0,124,124
119,0,119,119
118,0,118,118
131,0,131,131
41,0,41,41
41,0,41,41
169,0,169,169
689,0,689,689
235,0,235,235
221,0,221,221
400,0,400,400
45,0,45,45
367,0,367,367
453,0,453,453
272,0,272,272
58,0,58,58
56,0,56,56
414,0,414,414
72,0,72,72
31,0,31,31
63,0,63,63
200,0,200,200
727,0,727,727
492,0,492,492
81,0,81,81
108,0,108,108
88,0,88,88
317,0,317,317
106,0,106,106
127,0,127,127
400,0,400,400
41,0,41,41
100,0,100,100
115,0,115,115
63,0,63,63
135,0,135,135
144,0,144,144
110,0,110,110
43,0,43,43
64,0,64,64
152,0,152,152
358,0,358,358
348,0,348,348
30,0,30,30
729,0,729,729
272,0,272,272
278,0,278,278
128,0,128,128
103,0,103,103
171,0,171,171
118,0,118,118
71,0,71,71
487,0,487,487
520,0,520,520
244,0,244,244
246,0,246,246
122,0,122,122
142,0,142,142
125,0,125,125
59,0,59,59
245,0,245,245
111,0,111,111
119,0,119,119
201,0,201,201
1288,0,1288,1288
123,0,123,123
134,0,134,134
86,0,86,86
225,0,225,225
184,0,184,184
162,0,162,162
116,0,116,116
242,0,242,242
352,0,352,352
251,0,251,251
29,0,29,29
121,0,121,121
119,0,119,119
131,0,131,131
83,0,83,83
88,0,88,88
218,0,218,218
138,0,138,138
97,0,97,97
160,0,160,160
77,0,77,77
426,0,426,426
120,0,120,120
130,0,130,130
78,0,78,78
240,0,240,240
40,0,40,40
125,0,125,125
104,0,104,104
111,0,111,111
151,0,151,151
246,0,246,246
92,0,92,92
389,0,389,389
324,0,324,324
90,0,90,90
93,0,93,93
117,0,117,117
100,0,100,100
185,0,185,185
532,0,532,532
303,0,303,303
387,0,387,387
846,0,846,846
163,0,163,163
303,0,303,303
413,0,413,413
171,0,171,171
37,0,37,37
152,0,152,152
198,0,198,198
104,0,104,104
163,0,163,163
174,0,174,174
192,0,192,192
99,0,99,99
91,0,91,91
153,0,153,153
49,0,49,49
126,0,126,126
161,0,161,161
150,0,150,150
112,0,112,112
97,0,97,97
98,0,98,98
109,0,109,109
118,0,118,118
87,0,87,87
36,0,36,36
166,0,166,166
37,0,37,37
49,0,49,49
105,0,105,105
102,0,102,102
163,0,163,163
105,0,105,105
296,0,296,296
206,0,206,206
168,0,168,168
133,0,133,133
132,0,132,132
133,0,133,133
65,0,65,65
72,0,72,72
85,0,85,85
73,0,73,73
65,0,65,65
85,0,85,85
71,0,71,71
81,0,81,81
86,0,86,86
95,0,95,95
82,0,82,82
101,0,101,101
43,0,43,43
50,0,50,50
102,0,102,102
39,0,39,39
453,0,453,453
30,0,30,30
110,0,110,110
104,0,104,104
148,0,148,148
100,0,100,100
181,0,181,181
104,0,104,104
125,0,125,125
127,0,127,127
152,0,152,152
156,0,156,156
203,0,203,203
208,0,208,208
75,0,75,75
89,0,89,89
99,0,99,99
36,0,36,36
102,0,102,102
34,0,34,34
98,0,98,98
235,0,235,235
196,0,196,196
88,0,88,88
100,0,100,100
114,0,114,114
278,0,278,278
334,0,334,334
324,0,324,324
222,0,222,222
296,0,296,296
285,0,285,285
70,0,70,70
113,0,113,113
127,0,127,127
293,0,293,293
300,0,300,300
290,0,290,290
220,0,220,220
283,0,283,283
272,0,272,272
153,0,153,153
113,0,113,113
43,0,43,43
156,0,156,156
114,0,114,114
123,0,123,123
172,0,172,172
107,0,107,107
113,0,113,113
204,0,204,204
108,0,108,108
115,0,115,115
51,0,51,51
105,0,105,105
224,0,224,224
386,0,386,386
201,0,201,201
565,0,565,565
399,0,399,399
113,0,113,113
120,0,120,120
323,0,323,323
535,0,535,535
419,0,419,419
559,0,559,559
100,0,100,100
106,0,106,106
102,0,102,102
75,0,75,75
85,0,85,85
293,0,293,293
191,0,191,191
186,0,186,186
41,0,41,41
146,0,146,146
108,0,108,108
126,0,126,126
92,0,92,92
134,0,134,134
117,0,117,117
78,0,78,78
150,0,150,150
151,0,151,151
35,0,35,35
119,0,119,119
106,0,106,106
120,0,120,120
34,0,34,34
39,0,39,39
75,0,75,75
577,0,577,577
209,0,209,209
193,0,193,193
319,0,319,319
293,0,293,293
148,0,148,148
115,0,115,115
63,0,63,63
52,0,52,52
164,0,164,164
79,0,79,79
62,0,62,62
29,0,29,29
174,0,174,174
357,0,357,357
481,0,481,481
80,0,80,80
71,0,71,71
80,0,80,80
311,0,311,311
90,0,90,90
107,0,107,107
361,0,361,361
42,0,42,42
97,0,97,97
110,0,110,110
59,0,59,59
77,0,77,77
129,0,129,129
78,0,78,78
146,0,146,146
267,0,267,267
258,0,258,258
28,0,28,28
321,0,321,321
109,0,109,109
95,0,95,95
290,0,290,290
143,0,143,143
114,0,114,114
111,0,111,111
127,0,127,127
119,0,119,119
57,0,57,57
243,0,243,243
101,0,101,101
104,0,104,104
182,0,182,182
1097,0,1097,1097
111,0,111,111
122,0,122,122
182,0,182,182
170,0,170,170
210,0,210,210
255,0,255,255
115,0,115,115
128,0,128,128
256,0,256,256
260,0,260,260
27,0,27,27
104,0,104,104
116,0,116,116
80,0,80,80
85,0,85,85
198,0,198,198
128,0,128,128
93,0,93,93
99,0,99,99
76,0,76,76
398,0,398,398
102,0,102,102
102,0,102,102
85,0,85,85
182,0,182,182
133,0,133,133
102,0,102,102
110,0,110,110
128,0,128,128
214,0,214,214
91,0,91,91
378,0,378,378
313,0,313,313
77,0,77,77
103,0,103,103
111,0,111,111
99,0,99,99
179,0,179,179
247,0,247,247
286,0,286,286
369,0,369,369
748,0,748,748
147,0,147,147
291,0,291,291
301,0,301,301
173,0,173,173
73,0,73,73
157,0,157,157
72,0,72,72
295,0,295,295
212,0,212,212
275,0,275,275
75,0,75,75
50,0,50,50
440,0,440,440
558,0,558,558
236,0,236,236
300,0,300,300
212,0,212,212
158,0,158,158
258,0,258,258
450,0,450,450
304,0,304,304
131,0,131,131
178,0,178,178
74,0,74,74
131,0,131,131
45,0,45,45
96,0,96,96
82,0,82,82
100,0,100,100
109,0,109,109
82,0,82,82
104,0,104,104
90,0,90,90
95,0,95,95
100,0,100,100
105,0,105,105
93,0,93,93
67,0,67,67
73,0,73,73
90,0,90,90
69,0,69,69
75,0,75,75
93,0,93,93
44,0,44,44
121,0,121,121
105,0,105,105
290,0,290,290
200,0,200,200
127,0,127,127
130,0,130,130
58,0,58,58
116,0,116,116
62,0,62,62
29,0,29,29
72,0,72,72
123,0,123,123
33,0,33,33
47,0,47,47
72,0,72,72
39,0,39,39
30,0,30,30
95,0,95,95
86,0,86,86
93,0,93,93
93,0,93,93
167,0,167,167
170,0,170,170
73,0,73,73
76,0,76,76
87,0,87,87
95,0,95,95
200,0,200,200
185,0,185,185
88,0,88,88
189,0,189,189
136,0,136,136
291,0,291,291
86,0,86,86
246,0,246,246
58,0,58,58
473,0,473,473
105,0,105,105
107,0,107,107
259,0,259,259
57,0,57,57
181,0,181,181
22,0,22,22
90,0,90,90
46,0,46,46
45,0,45,45
140,0,140,140
51,0,51,51
159,0,159,159
341,0,341,341
218,0,218,218
208,0,208,208
183,0,183,183
184,0,184,184
82,0,82,82
43,0,43,43
34,0,34,34
74,0,74,74
139,0,139,139
77,0,77,77
113,0,113,113
171,0,171,171
146,0,146,146
31,0,31,31
126,0,126,126
196,0,196,196
126,0,126,126
111,0,111,111
88,0,88,88
102,0,102,102
94,0,94,94
38,0,38,38
38,0,38,38
49,0,49,49
205,0,205,205
102,0,102,102
110,0,110,110
285,0,285,285
254,0,254,254
180,0,180,180
41,0,41,41
145,0,145,145
151,0,151,151
63,0,63,63
42,0,42,42
29,0,29,29
88,0,88,88
150,0,150,150
26,0,26,26
146,0,146,146
137,0,137,137
31,0,31,31
111,0,111,111
35,0,35,35
70,0,70,70
306,0,306,306
41,0,41,41
174,0,174,174
45,0,45,45
46,0,46,46
429,0,429,429
33,0,33,33
26,0,26,26
187,0,187,187
298,0,298,298
54,0,54,54
22,0,22,22
608,0,608,608
91,0,91,91
80,0,80,80
89,0,89,89
93,0,93,93
82,0,82,82
33,0,33,33
132,0,132,132
142,0,142,142
140,0,140,140
135,0,135,135
220,0,220,220
201,0,201,201
214,0,214,214
24,0,24,24
45,0,45,45
927,0,927,927
35,0,35,35
34,0,34,34
21,0,21,21
1327,0,1327,1327
21,0,21,21
364,0,364,364
622,0,622,622
79,0,79,79
640,0,640,640
404,0,404,404
1338,0,1338,1338
200,0,200,200
583,0,583,583
39,0,39,39
39,0,39,39
463,0,463,463
202,0,202,202
102,0,102,102
22,0,22,22
352,0,352,352
534,0,534,534
281,0,281,281
351,0,351,351
336,0,336,336
1336,0,1336,1336
205,0,205,205
312,0,312,312
77,0,77,77
569,0,569,569
58,0,58,58
116,0,116,116
123,0,123,123
172,0,172,172
234,0,234,234
199,0,199,199
303,0,303,303
23,0,23,23
0,39,39,-39
0,463,463,-463
0,202,202,-202
0,102,102,-102
0,22,22,-22
0,352,352,-352
0,534,534,-534
0,283,283,-283
0,351,351,-351
0,338,338,-338
0,1336,1336,-1336
0,205,205,-205
0,312,312,-312
0,77,77,-77
0,572,572,-572
0,58,58,-58
0,116,116,-116
0,123,123,-123
0,172,172,-172
0,234,234,-234
0,199,199,-199
0,303,303,-303
0,23,23,-23
0,47,47,-47
0,268,268,-268
0,66,66,-66
0,78,78,-78
0,36,36,-36
0,167,167,-167
0,631,631,-631
0,32,32,-32
0,116,116,-116
0,4454,4454,-4454
0,51,51,-51
0,823,823,-823
0,176,176,-176
0,73,73,-73
0,206,206,-206
0,224,224,-224
0,394,394,-394
0,249,249,-249
0,136,136,-136
0,55,55,-55
0,132,132,-132
0,721,721,-721
0,379,379,-379
0,63,63,-63
0,168,168,-168
0,261,261,-261
0,255,255,-255
0,45,45,-45
0,105,105,-105
0,104,104,-104
0,92,92,-92
0,29,29,-29
0,94,94,-94
0,110,110,-110
0,100,100,-100
0,64,64,-64
0,2890,2890,-2890
0,159,159,-159
0,70,70,-70
0,817,817,-817
0,1105,1105,-1105
0,62,62,-62
0,71,71,-71
0,54,54,-54
0,158,158,-158
0,74,74,-74
0,119,119,-119
0,112,112,-112
0,146,146,-146
0,43,43,-43
0,414,414,-414
0,264,264,-264
0,76,76,-76
0,79,79,-79
0,65,65,-65
0,49,49,-49
0,80,80,-80
0,39,39,-39
0,39,39,-39
0,40,40,-40
0,513,513,-513
0,67,67,-67
0,29,29,-29
0,367,367,-367
0,192,192,-192
0,411,411,-411
0,163,163,-163
0,318,318,-318
0,186,186,-186
0,67,67,-67
0,63,63,-63
0,267,267,-267
0,303,303,-303
0,332,332,-332
0,170,170,-170
0,125,125,-125
0,142,142,-142
0,141,141,-141
0,98,98,-98
0,111,111,-111
0,135,135,-135
0,182,182,-182
0,47,47,-47
0,47,47,-47
0,63,63,-63
0,134,134,-134
0,40,40,-40
0,184,184,-184
0,85,85,-85
0,45,45,-45
0,59,59,-59
0,127,127,-127
0,596,596,-596
0,39,39,-39
0,48,48,-48
0,54,54,-54
0,51,51,-51
0,61,61,-61
0,67,67,-67
0,43,43,-43
0,236,236,-236
0,178,178,-178
0,68,68,-68
0,34,34,-34
0,72,72,-72
0,84,84,-84
0,636,636,-636
0,34,34,-34
0,229,229,-229
0,120,120,-120
0,393,393,-393
0,112,112,-112
0,167,167,-167
0,85,85,-85
0,467,467,-467
0,670,670,-670
0,620,620,-620
0,67,67,-67
0,33,33,-33
0,546,546,-546
0,2465,2465,-2465
0,515,515,-515
0,72,72,-72
0,1555,1555,-1555
0,286,286,-286
0,1373,1373,-1373
0,1091,1091,-1091
0,255,255,-255
0,1660,1660,-1660
0,136,136,-136
0,128,128,-128
0,101,101,-101
0,67,67,-67
0,1084,1084,-1084
0,560,560,-560
0,83,83,-83
0,80,80,-80
0,351,351,-351
0,1032,1032,-1032
0,238,238,-238
0,176,176,-176
0,223,223,-223
0,457,457,-457
0,275,275,-275
0,113,113,-113
0,520,520,-520
0,898,898,-898
0,169,169,-169
0,89,89,-89
0,108,108,-108
0,173,173,-173
0,391,391,-391
0,606,606,-606
0,589,589,-589
0,573,573,-573
0,645,645,-645
0,545,545,-545
0,1118,1118,-1118
0,1101,1101,-1101
0,76,76,-76
0,196,196,-196
0,268,268,-268
0,969,969,-969
0,35,35,-35
0,784,784,-784
0,269,269,-269
0,285,285,-285
0,2209,2209,-2209
0,734,734,-734
0,83,83,-83
0,346,346,-346
0,31,31,-31
0,121,121,-121
0,53,53,-53
0,490,490,-490
0,379,379,-379
0,50,50,-50
0,226,226,-226
0,199,199,-199
0,620,620,-620
0,314,314,-314
0,730,730,-730
0,302,302,-302
0,1546,1546,-1546
0,186,186,-186
0,451,451,-451
0,447,447,-447
0,1940,1940,-1940
0,209,209,-209
0,312,312,-312
0,209,209,-209
0,54,54,-54
0,167,167,-167
0,202,202,-202
0,304,304,-304
0,286,286,-286
0,545,545,-545
0,224,224,-224
0,1702,1702,-1702
0,542,542,-542
0,593,593,-593
0,532,532,-532
0,48,48,-48
0,1476,1476,-1476
0,497,497,-497
0,2270,2270,-2270
0,1994,1994,-1994
0,1286,1286,-1286
0,512,512,-512
0,483,483,-483
0,246,246,-246
0,678,678,-678
0,593,593,-593
0,409,409,-409
0,807,807,-807
0,129,129,-129
0,252,252,-252
0,189,189,-189
0,168,168,-168
0,179,179,-179
0,159,159,-159
0,409,409,-409
0,216,216,-216
0,1232,1232,-1232
0,167,167,-167
0,343,343,-343
0,340,340,-340
0,497,497,-497
0,134,134,-134
0,216,216,-216
0,430,430,-430
0,317,317,-317
0,202,202,-202
0,281,281,-281
0,151,151,-151
0,531,531,-531
0,897,897,-897
0,382,382,-382
0,141,141,-141
0,101,101,-101
0,245,245,-245
0,372,372,-372
0,398,398,-398
0,539,539,-539
0,86,86,-86
0,200,200,-200
0,277,277,-277
0,694,694,-694
0,677,677,-677
0,458,458,-458
0,439,439,-439
0,921,921,-921
0,866,866,-866
0,113,113,-113
0,432,432,-432
0,1898,1898,-1898
0,124,124,-124
0,33,33,-33
0,257,257,-257
0,305,305,-305
0,143,143,-143
0,200,200,-200
0,166,166,-166
0,41,41,-41
0,85,85,-85
0,80,80,-80
0,349,349,-349
0,244,244,-244
0,144,144,-144
0,109,109,-109
0,168,168,-168
0,152,152,-152
0,170,170,-170
0,88,88,-88
0,122,122,-122
0,34,34,-34
0,41,41,-41
0,36,36,-36
0,49,49,-49
0,236,236,-236
0,60,60,-60
0,565,565,-565
0,334,334,-334
0,101,101,-101
0,148,148,-148
0,150,150,-150
0,101,101,-101
0,186,186,-186
0,220,220,-220
0,66,66,-66
0,123,123,-123
0,191,191,-191
0,67,67,-67
0,221,221,-221
0,86,86,-86
0,48,48,-48
0,32,32,-32
0,138,138,-138
0,35,35,-35
0,34,34,-34
0,68,68,-68
0,260,260,-260
0,110,110,-110
0,29,29,-29
0,96,96,-96
0,216,216,-216
0,148,148,-148
0,28,28,-28
0,114,114,-114
0,121,121,-121
0,201,201,-201
0,468,468,-468
0,234,234,-234
0,344,344,-344
0,69,69,-69
0,56,56,-56
0,44,44,-44
0,42,42,-42
0,51,51,-51
0,144,144,-144
0,631,631,-631
0,173,173,-173
0,225,225,-225
0,115,115,-115
0,78,78,-78
0,434,434,-434
0,467,467,-467
0,385,385,-385
0,420,420,-420
0,679,679,-679
0,636,636,-636
0,85,85,-85
0,92,92,-92
0,477,477,-477
0,489,489,-489
0,429,429,-429
0,462,462,-462
0,719,719,-719
0,687,687,-687
0,27,27,-27
0,128,128,-128
0,34,34,-34
0,230,230,-230
0,125,125,-125
0,397,397,-397
0,113,113,-113
0,108,108,-108
0,80,80,-80
0,366,366,-366
0,470,470,-470
0,567,567,-567
0,33,33,-33
0,322,322,-322
0,1830,1830,-1830
0,84,84,-84
0,345,345,-345
0,53,53,-53
0,366,366,-366
0,1216,1216,-1216
0,251,251,-251
0,1053,1053,-1053
0,1052,1052,-1052
0,570,570,-570
0,1199,1199,-1199
0,145,145,-145
0,178,178,-178
0,151,151,-151
0,47,47,-47
0,662,662,-662
0,519,519,-519
0,55,55,-55
0,79,79,-79
0,233,233,-233
0,980,980,-980
0,236,236,-236
0,120,120,-120
0,224,224,-224
0,246,246,-246
0,286,286,-286
0,527,527,-527
0,709,709,-709
0,140,140,-140
0,177,177,-177
0,304,304,-304
0,135,135,-135
0,55,55,-55
0,586,586,-586
0,509,509,-509
0,488,488,-488
0,403,403,-403
0,1080,1080,-1080
0,99,99,-99
0,164,164,-164
0,313,313,-313
0,353,353,-353
0,313,313,-313
0,88,88,-88
0,197,197,-197
0,1541,1541,-1541
0,729,729,-729
0,82,82,-82
0,179,179,-179
0,40,40,-40
0,88,88,-88
0,53,53,-53
0,448,448,-448
0,379,379,-379
0,40,40,-40
0,106,106,-106
0,400,400,-400
0,195,195,-195
0,606,606,-606
0,279,279,-279
0,1091,1091,-1091
0,185,185,-185
0,321,321,-321
0,313,313,-313
0,817,817,-817
0,271,271,-271
0,173,173,-173
0,237,237,-237
0,869,869,-869
0,200,200,-200
0,168,168,-168
0,60,60,-60
0,368,368,-368
0,1433,1433,-1433
0,454,454,-454
0,1979,1979,-1979
0,1701,1701,-1701
0,70,70,-70
0,1195,1195,-1195
0,473,473,-473
0,441,441,-441
0,237,237,-237
0,389,389,-389
0,338,338,-338
0,404,404,-404
0,569,569,-569
0,122,122,-122
0,238,238,-238
0,165,165,-165
0,167,167,-167
0,178,178,-178
0,158,158,-158
0,196,196,-196
0,110,110,-110
0,1259,1259,-1259
0,112,112,-112
0,202,202,-202
0,279,279,-279
0,383,383,-383
0,133,133,-133
0,198,198,-198
0,407,407,-407
0,282,282,-282
0,193,193,-193
0,224,224,-224
0,150,150,-150
0,527,527,-527
0,860,860,-860
0,360,360,-360
0,140,140,-140
0,161,161,-161
0,267,267,-267
0,399,399,-399
0,538,538,-538
0,175,175,-175
0,79,79,-79
0,268,268,-268
0,623,623,-623
0,639,639,-639
0,380,380,-380
0,412,412,-412
0,710,710,-710
0,602,602,-602
0,112,112,-112
0,433,433,-433
0,1431,1431,-1431
0,345,345,-345
0,99,99,-99
0,41,41,-41
0,187,187,-187
0,45,45,-45
0,321,321,-321
0,39,39,-39
0,273,273,-273
0,108,108,-108
0,142,142,-142
0,131,131,-131
0,130,130,-130
0,98,98,-98
0,95,95,-95
0,361,361,-361
0,40,40,-40
0,36,36,-36
0,33,33,-33
0,588,588,-588
0,321,321,-321
0,147,147,-147
0,331,331,-331
0,276,276,-276
0,110,110,-110
0,274,274,-274
0,47,47,-47
0,48,48,-48
0,66,66,-66
0,51,51,-51
0,88,88,-88
0,59,59,-59
0,140,140,-140
0,300,300,-300
0,51,51,-51
0,84,84,-84
0,66,66,-66
0,583,583,-583
0,225,225,-225
0,69,69,-69
0,41,41,-41
0,39,39,-39
0,131,131,-131
0,394,394,-394
0,199,199,-199
0,248,248,-248
0,190,190,-190
0,178,178,-178
0,244,244,-244
0,34,34,-34
0,43,43,-43
0,56,56,-56
0,79,79,-79
0,278,278,-278
0,36,36,-36
0,45,45,-45
0,397,397,-397
0,150,150,-150
0,147,147,-147
0,396,396,-396
0,127,127,-127
0,212,212,-212
0,86,86,-86
0,56,56,-56
0,133,133,-133
0,390,390,-390
0,438,438,-438
0,76,76,-76
0,296,296,-296
0,70,70,-70
0,374,374,-374
0,337,337,-337
0,68,68,-68
0,335,335,-335
0,114,114,-114
0,137,137,-137
0,214,214,-214
0,139,139,-139
0,117,117,-117
0,51,51,-51
0,311,311,-311
0,261,261,-261
0,251,251,-251
0,165,165,-165
0,66,66,-66
0,78,78,-78
0,91,91,-91
0,516,516,-516
0,55,55,-55
0,274,274,-274
0,280,280,-280
0,89,89,-89
0,262,262,-262
0,51,51,-51
0,119,119,-119
0,57,57,-57
0,883,883,-883
0,57,57,-57
0,113,113,-113
0,148,148,-148
0,122,122,-122
0,3279,3279,-3279
0,51,51,-51
0,63,63,-63
0,169,169,-169
0,255,255,-255
0,106,106,-106
0,100,100,-100
0,92,92,-92
0,94,94,-94
0,89,89,-89
0,99,99,-99
0,2679,2679,-2679
0,159,159,-159
0,47,47,-47
0,69,69,-69
0,242,242,-242
0,1151,1151,-1151
0,61,61,-61
0,71,71,-71
0,54,54,-54
0,160,160,-160
0,114,114,-114
0,122,122,-122
0,123,123,-123
0,114,114,-114
0,204,204,-204
0,255,255,-255
0,214,214,-214
0,207,207,-207
0,635,635,-635
0,1143,1143,-1143
0,1090,1090,-1090
0,170,170,-170
0,390,390,-390
0,122,122,-122
0,379,379,-379
0,1365,1365,-1365
0,190,190,-190
0,43,43,-43
0,330,330,-330
0,182,182,-182
0,359,359,-359
0,197,197,-197
0,168,168,-168
0,176,176,-176
0,325,325,-325
0,211,211,-211
0,1741,1741,-1741
0,525,525,-525
0,925,925,-925
0,52,52,-52
0,787,787,-787
0,668,668,-668
0,559,559,-559
0,447,447,-447
0,1784,1784,-1784
0,668,668,-668
0,442,442,-442
32,0,32,32
116,0,116,116
4455,0,4455,4455
50,0,50,50
47,0,47,47
268,0,268,268
66,0,66,66
78,0,78,78
34,0,34,34
168,0,168,168
631,0,631,631
823,0,823,823
177,0,177,177
73,0,73,73
206,0,206,206
224,0,224,224
394,0,394,394
249,0,249,249
136,0,136,136
55,0,55,55
129,0,129,129
720,0,720,720
379,0,379,379
62,0,62,62
167,0,167,167
261,0,261,261
255,0,255,255
45,0,45,45
105,0,105,105
103,0,103,103
92,0,92,92
29,0,29,29
93,0,93,93
109,0,109,109
99,0,99,99
64,0,64,64
2890,0,2890,2890
159,0,159,159
69,0,69,69
817,0,817,817
1106,0,1106,1106
62,0,62,62
71,0,71,71
53,0,53,53
157,0,157,157
75,0,75,75
119,0,119,119
112,0,112,112
146,0,146,146
43,0,43,43
414,0,414,414
264,0,264,264
76,0,76,76
79,0,79,79
66,0,66,66
49,0,49,49
80,0,80,80
40,0,40,40
40,0,40,40
41,0,41,41
512,0,512,512
67,0,67,67
30,0,30,30
367,0,367,367
192,0,192,192
411,0,411,411
163,0,163,163
318,0,318,318
186,0,186,186
67,0,67,67
63,0,63,63
267,0,267,267
303,0,303,303
332,0,332,332
169,0,169,169
124,0,124,124
142,0,142,142
141,0,141,141
98,0,98,98
111,0,111,111
134,0,134,134
183,0,183,183
46,0,46,46
46,0,46,46
63,0,63,63
133,0,133,133
39,0,39,39
185,0,185,185
85,0,85,85
45,0,45,45
59,0,59,59
127,0,127,127
596,0,596,596
39,0,39,39
49,0,49,49
54,0,54,54
52,0,52,52
61,0,61,61
67,0,67,67
43,0,43,43
236,0,236,236
177,0,177,177
68,0,68,68
34,0,34,34
72,0,72,72
84,0,84,84
636,0,636,636
33,0,33,33
229,0,229,229
120,0,120,120
393,0,393,393
112,0,112,112
166,0,166,166
84,0,84,84
468,0,468,468
670,0,670,670
621,0,621,621
68,0,68,68
33,0,33,33
546,0,546,546
2465,0,2465,2465
514,0,514,514
73,0,73,73
1556,0,1556,1556
285,0,285,285
1373,0,1373,1373
1091,0,1091,1091
255,0,255,255
1661,0,1661,1661
136,0,136,136
128,0,128,128
101,0,101,101
67,0,67,67
1084,0,1084,1084
561,0,561,561
83,0,83,83
81,0,81,81
351,0,351,351
1033,0,1033,1033
239,0,239,239
176,0,176,176
224,0,224,224
457,0,457,457
274,0,274,274
113,0,113,113
520,0,520,520
899,0,899,899
169,0,169,169
88,0,88,88
107,0,107,107
172,0,172,172
390,0,390,390
606,0,606,606
590,0,590,590
573,0,573,573
644,0,644,644
544,0,544,544
1119,0,1119,1119
1101,0,1101,1101
75,0,75,75
196,0,196,196
269,0,269,269
970,0,970,970
35,0,35,35
784,0,784,784
269,0,269,269
285,0,285,285
2210,0,2210,2210
735,0,735,735
84,0,84,84
346,0,346,346
31,0,31,31
121,0,121,121
53,0,53,53
490,0,490,490
380,0,380,380
50,0,50,50
226,0,226,226
198,0,198,198
620,0,620,620
314,0,314,314
730,0,730,730
301,0,301,301
1547,0,1547,1547
186,0,186,186
451,0,451,451
447,0,447,447
1941,0,1941,1941
209,0,209,209
311,0,311,311
208,0,208,208
54,0,54,54
166,0,166,166
202,0,202,202
305,0,305,305
286,0,286,286
544,0,544,544
224,0,224,224
1702,0,1702,1702
542,0,542,542
593,0,593,593
533,0,533,533
48,0,48,48
1476,0,1476,1476
498,0,498,498
2271,0,2271,2271
1995,0,1995,1995
1286,0,1286,1286
512,0,512,512
484,0,484,484
246,0,246,246
679,0,679,679
594,0,594,594
410,0,410,410
808,0,808,808
129,0,129,129
253,0,253,253
189,0,189,189
169,0,169,169
180,0,180,180
160,0,160,160
409,0,409,409
214,0,214,214
1232,0,1232,1232
166,0,166,166
343,0,343,343
341,0,341,341
498,0,498,498
135,0,135,135
216,0,216,216
429,0,429,429
317,0,317,317
203,0,203,203
281,0,281,281
151,0,151,151
531,0,531,531
897,0,897,897
383,0,383,383
142,0,142,142
101,0,101,101
246,0,246,246
373,0,373,373
399,0,399,399
540,0,540,540
86,0,86,86
201,0,201,201
277,0,277,277
693,0,693,693
677,0,677,677
458,0,458,458
439,0,439,439
921,0,921,921
866,0,866,866
113,0,113,113
433,0,433,433
1899,0,1899,1899
124,0,124,124
33,0,33,33
257,0,257,257
305,0,305,305
143,0,143,143
200,0,200,200
166,0,166,166
41,0,41,41
85,0,85,85
80,0,80,80
349,0,349,349
244,0,244,244
144,0,144,144
109,0,109,109
168,0,168,168
152,0,152,152
170,0,170,170
88,0,88,88
121,0,121,121
33,0,33,33
41,0,41,41
35,0,35,35
49,0,49,49
236,0,236,236
60,0,60,60
565,0,565,565
334,0,334,334
101,0,101,101
148,0,148,148
150,0,150,150
101,0,101,101
186,0,186,186
221,0,221,221
67,0,67,67
122,0,122,122
191,0,191,191
67,0,67,67
222,0,222,222
86,0,86,86
48,0,48,48
31,0,31,31
139,0,139,139
34,0,34,34
34,0,34,34
68,0,68,68
260,0,260,260
110,0,110,110
28,0,28,28
96,0,96,96
216,0,216,216
148,0,148,148
28,0,28,28
114,0,114,114
121,0,121,121
201,0,201,201
468,0,468,468
234,0,234,234
344,0,344,344
69,0,69,69
57,0,57,57
44,0,44,44
43,0,43,43
52,0,52,52
144,0,144,144
631,0,631,631
173,0,173,173
224,0,224,224
115,0,115,115
78,0,78,78
434,0,434,434
467,0,467,467
385,0,385,385
420,0,420,420
679,0,679,679
636,0,636,636
85,0,85,85
92,0,92,92
477,0,477,477
489,0,489,489
429,0,429,429
462,0,462,462
719,0,719,719
687,0,687,687
27,0,27,27
128,0,128,128
33,0,33,33
230,0,230,230
125,0,125,125
397,0,397,397
112,0,112,112
107,0,107,107
79,0,79,79
367,0,367,367
470,0,470,470
568,0,568,568
33,0,33,33
322,0,322,322
1830,0,1830,1830
83,0,83,83
344,0,344,344
54,0,54,54
366,0,366,366
1217,0,1217,1217
251,0,251,251
1053,0,1053,1053
1052,0,1052,1052
570,0,570,570
1200,0,1200,1200
145,0,145,145
178,0,178,178
151,0,151,151
47,0,47,47
662,0,662,662
520,0,520,520
56,0,56,56
80,0,80,80
233,0,233,233
981,0,981,981
237,0,237,237
120,0,120,120
225,0,225,225
247,0,247,247
286,0,286,286
527,0,527,527
710,0,710,710
140,0,140,140
177,0,177,177
304,0,304,304
136,0,136,136
55,0,55,55
587,0,587,587
509,0,509,509
486,0,486,486
401,0,401,401
1080,0,1080,1080
99,0,99,99
164,0,164,164
314,0,314,314
353,0,353,353
314,0,314,314
88,0,88,88
197,0,197,197
1542,0,1542,1542
729,0,729,729
83,0,83,83
178,0,178,178
40,0,40,40
88,0,88,88
53,0,53,53
449,0,449,449
380,0,380,380
41,0,41,41
106,0,106,106
400,0,400,400
195,0,195,195
606,0,606,606
278,0,278,278
1092,0,1092,1092
185,0,185,185
321,0,321,321
313,0,313,313
818,0,818,818
272,0,272,272
174,0,174,174
238,0,238,238
869,0,869,869
201,0,201,201
169,0,169,169
60,0,60,60
369,0,369,369
1433,0,1433,1433
454,0,454,454
1979,0,1979,1979
1701,0,1701,1701
70,0,70,70
1196,0,1196,1196
473,0,473,473
442,0,442,442
237,0,237,237
389,0,389,389
339,0,339,339
405,0,405,405
569,0,569,569
123,0,123,123
239,0,239,239
166,0,166,166
168,0,168,168
179,0,179,179
159,0,159,159
196,0,196,196
110,0,110,110
1259,0,1259,1259
112,0,112,112
203,0,203,203
280,0,280,280
383,0,383,383
134,0,134,134
199,0,199,199
407,0,407,407
283,0,283,283
194,0,194,194
224,0,224,224
150,0,150,150
528,0,528,528
860,0,860,860
361,0,361,361
141,0,141,141
162,0,162,162
268,0,268,268
400,0,400,400
539,0,539,539
176,0,176,176
79,0,79,79
268,0,268,268
622,0,622,622
639,0,639,639
379,0,379,379
412,0,412,412
710,0,710,710
603,0,603,603
112,0,112,112
434,0,434,434
1432,0,1432,1432
345,0,345,345
99,0,99,99
41,0,41,41
185,0,185,185
44,0,44,44
321,0,321,321
38,0,38,38
273,0,273,273
108,0,108,108
142,0,142,142
131,0,131,131
129,0,129,129
98,0,98,98
94,0,94,94
361,0,361,361
40,0,40,40
35,0,35,35
33,0,33,33
588,0,588,588
321,0,321,321
147,0,147,147
331,0,331,331
274,0,274,274
110,0,110,110
275,0,275,275
47,0,47,47
48,0,48,48
66,0,66,66
51,0,51,51
86,0,86,86
59,0,59,59
140,0,140,140
292,0,292,292
51,0,51,51
84,0,84,84
66,0,66,66
583,0,583,583
224,0,224,224
69,0,69,69
40,0,40,40
39,0,39,39
131,0,131,131
394,0,394,394
199,0,199,199
248,0,248,248
189,0,189,189
179,0,179,179
244,0,244,244
35,0,35,35
43,0,43,43
56,0,56,56
79,0,79,79
278,0,278,278
36,0,36,36
45,0,45,45
397,0,397,397
150,0,150,150
147,0,147,147
396,0,396,396
126,0,126,126
212,0,212,212
86,0,86,86
56,0,56,56
133,0,133,133
381,0,381,381
438,0,438,438
76,0,76,76
295,0,295,295
71,0,71,71
374,0,374,374
337,0,337,337
68,0,68,68
334,0,334,334
114,0,114,114
137,0,137,137
215,0,215,215
139,0,139,139
117,0,117,117
51,0,51,51
311,0,311,311
263,0,263,263
251,0,251,251
165,0,165,165
66,0,66,66
78,0,78,78
91,0,91,91
516,0,516,516
55,0,55,55
273,0,273,273
279,0,279,279
90,0,90,90
262,0,262,262
51,0,51,51
119,0,119,119
58,0,58,58
883,0,883,883
57,0,57,57
114,0,114,114
148,0,148,148
123,0,123,123
3279,0,3279,3279
50,0,50,50
62,0,62,62
168,0,168,168
254,0,254,254
105,0,105,105
100,0,100,100
92,0,92,92
93,0,93,93
88,0,88,88
98,0,98,98
2679,0,2679,2679
159,0,159,159
47,0,47,47
69,0,69,69
242,0,242,242
1152,0,1152,1152
61,0,61,61
71,0,71,71
54,0,54,54
160,0,160,160
113,0,113,113
121,0,121,121
123,0,123,123
113,0,113,113
199,0,199,199
249,0,249,249
210,0,210,210
201,0,201,201
634,0,634,634
1144,0,1144,1144
1089,0,1089,1089
170,0,170,170
389,0,389,389
122,0,122,122
378,0,378,378
1365,0,1365,1365
190,0,190,190
43,0,43,43
329,0,329,329
182,0,182,182
358,0,358,358
197,0,197,197
168,0,168,168
176,0,176,176
325,0,325,325
211,0,211,211
1741,0,1741,1741
526,0,526,526
926,0,926,926
53,0,53,53
787,0,787,787
669,0,669,669
559,0,559,559
447,0,447,447
1784,0,1784,1784
667,0,667,667
442,0,442,442
426,0,426,426
774,0,774,774
125,0,125,125
195,0,195,195
590,0,590,590
508,0,508,508
682,0,682,682
91,0,91,91
136,0,136,136
372,0,372,372
104,0,104,104
155,0,155,155
263,0,263,263
95,0,95,95
162,0,162,162
136,0,136,136
871,0,871,871
123,0,123,123
268,0,268,268
594,0,594,594
50,0,50,50
520,0,520,520
836,0,836,836
229,0,229,229
275,0,275,275
625,0,625,625
563,0,563,563
451,0,451,451
1376,0,1376,1376
668,0,668,668
249,0,249,249
53,0,53,53
460,0,460,460
64,0,64,64
122,0,122,122
257,0,257,257
839,0,839,839
1136,0,1136,1136
1674,0,1674,1674
41,0,41,41
34,0,34,34
37,0,37,37
41,0,41,41
62,0,62,62
145,0,145,145
62,0,62,62
39,0,39,39
33,0,33,33
30,0,30,30
44,0,44,44
41,0,41,41
41,0,41,41
44,0,44,44
44,0,44,44
30,0,30,30
37,0,37,37
34,0,34,34
39,0,39,39
37,0,37,37
37,0,37,37
37,0,37,37
34,0,34,34
34,0,34,34
33,0,33,33
31,0,31,31
31,0,31,31
31,0,31,31
31,0,31,31
38,0,38,38
30,0,30,30
37,0,37,37
36,0,36,36
36,0,36,36
32,0,32,32
31,0,31,31
31,0,31,31
31,0,31,31
31,0,31,31
35,0,35,35
33,0,33,33
36,0,36,36
35,0,35,35
37,0,37,37
35,0,35,35
57,0,57,57
43,0,43,43
28,0,28,28
56,0,56,56
42,0,42,42
39,0,39,39
28,0,28,28
35,0,35,35
33,0,33,33
37,0,37,37
35,0,35,35
35,0,35,35
35,0,35,35
30,0,30,30
31,0,31,31
37,0,37,37
37,0,37,37
34,0,34,34
33,0,33,33
31,0,31,31
31,0,31,31
35,0,35,35
34,0,34,34
63,0,63,63
65,0,65,65
65,0,65,65
35,0,35,35
30,0,30,30
30,0,30,30
30,0,30,30
62,0,62,62
33,0,33,33
30,0,30,30
30,0,30,30
30,0,30,30
41,0,41,41
43,0,43,43
219,0,219,219
28,0,28,28
57,0,57,57
59,0,59,59
57,0,57,57
33,0,33,33
30,0,30,30
30,0,30,30
36,0,36,36
38,0,38,38
30,0,30,30
37,0,37,37
35,0,35,35
30,0,30,30
30,0,30,30
30,0,30,30
31,0,31,31
30,0,30,30
31,0,31,31
30,0,30,30
33,0,33,33
33,0,33,33
32,0,32,32
30,0,30,30
30,0,30,30
30,0,30,30
31,0,31,31
31,0,31,31
32,0,32,32
38,0,38,38
31,0,31,31
37,0,37,37
38,0,38,38
38,0,38,38
37,0,37,37
57,0,57,57
64,0,64,64
33,0,33,33
34,0,34,34
38,0,38,38
37,0,37,37
37,0,37,37
44,0,44,44
40,0,40,40
37,0,37,37
37,0,37,37
303,0,303,303
3394,0,3394,3394
318,0,318,318
1384,0,1384,1384
387,0,387,387
1886,0,1886,1886
60,0,60,60
252,0,252,252
145,0,145,145
428,0,428,428
134,0,134,134
193,0,193,193
141,0,141,141
279,0,279,279
946,0,946,946
76,0,76,76
164,0,164,164
128,0,128,128
96,0,96,96
1203,0,1203,1203
65,0,65,65
129,0,129,129
197,0,197,197
134,0,134,134
0,426,426,-426
0,774,774,-774
0,125,125,-125
0,195,195,-195
0,590,590,-590
0,508,508,-508
0,682,682,-682
0,91,91,-91
0,136,136,-136
0,372,372,-372
0,104,104,-104
0,156,156,-156
0,262,262,-262
0,94,94,-94
0,165,165,-165
0,137,137,-137
0,870,870,-870
0,122,122,-122
0,268,268,-268
0,594,594,-594
0,51,51,-51
0,519,519,-519
0,835,835,-835
0,229,229,-229
0,275,275,-275
0,624,624,-624
0,563,563,-563
0,451,451,-451
0,1376,1376,-1376
0,668,668,-668
0,249,249,-249
0,52,52,-52
0,460,460,-460
0,65,65,-65
0,122,122,-122
0,257,257,-257
0,838,838,-838
0,1136,1136,-1136
0,1674,1674,-1674
0,41,41,-41
0,34,34,-34
0,37,37,-37
0,41,41,-41
0,62,62,-62
0,145,145,-145
0,62,62,-62
0,39,39,-39
0,33,33,-33
0,30,30,-30
0,44,44,-44
0,41,41,-41
0,41,41,-41
0,44,44,-44
0,44,44,-44
0,30,30,-30
0,37,37,-37
0,34,34,-34
0,39,39,-39
0,37,37,-37
0,37,37,-37
0,37,37,-37
0,34,34,-34
0,34,34,-34
0,33,33,-33
0,31,31,-31
0,31,31,-31
0,31,31,-31
0,31,31,-31
0,38,38,-38
0,30,30,-30
0,37,37,-37
0,36,36,-36
0,36,36,-36
0,32,32,-32
0,31,31,-31
0,31,31,-31
0,31,31,-31
0,31,31,-31
0,35,35,-35
0,33,33,-33
0,36,36,-36
0,35,35,-35
0,37,37,-37
0,35,35,-35
0,57,57,-57
0,43,43,-43
0,28,28,-28
0,56,56,-56
0,42,42,-42
0,39,39,-39
0,28,28,-28
0,35,35,-35
0,33,33,-33
0,37,37,-37
0,35,35,-35
0,35,35,-35
0,35,35,-35
0,30,30,-30
0,31,31,-31
0,37,37,-37
0,37,37,-37
0,34,34,-34
0,33,33,-33
0,31,31,-31
0,31,31,-31
0,35,35,-35
0,34,34,-34
0,63,63,-63
0,65,65,-65
0,65,65,-65
0,35,35,-35
0,30,30,-30
0,30,30,-30
0,30,30,-30
0,62,62,-62
0,33,33,-33
0,30,30,-30
0,30,30,-30
0,30,30,-30
0,41,41,-41
0,43,43,-43
0,219,219,-219
0,28,28,-28
0,57,57,-57
0,59,59,-59
0,57,57,-57
0,33,33,-33
0,30,30,-30
0,30,30,-30
0,36,36,-36
0,38,38,-38
0,30,30,-30
0,37,37,-37
0,35,35,-35
0,30,30,-30
0,30,30,-30
0,30,30,-30
0,31,31,-31
0,30,30,-30
0,31,31,-31
0,30,30,-30
0,33,33,-33
0,33,33,-33
0,32,32,-32
0,30,30,-30
0,30,30,-30
0,30,30,-30
0,31,31,-31
0,31,31,-31
0,32,32,-32
0,38,38,-38
0,31,31,-31
0,37,37,-37
0,38,38,-38
0,38,38,-38
0,37,37,-37
0,57,57,-57
0,64,64,-64
0,33,33,-33
0,34,34,-34
0,38,38,-38
0,37,37,-37
0,37,37,-37
0,44,44,-44
0,40,40,-40
0,37,37,-37
0,37,37,-37
0,303,303,-303
0,3394,3394,-3394
0,318,318,-318
0,1384,1384,-1384
0,387,387,-387
0,1886,1886,-1886
0,60,60,-60
0,252,252,-252
0,145,145,-145
0,428,428,-428
0,134,134,-134
0,193,193,-193
0,141,141,-141
0,279,279,-279
0,945,945,-945
0,76,76,-76
0,164,164,-164
0,128,128,-128
0,96,96,-96
0,1203,1203,-1203
0,65,65,-65
0,133,133,-133
0,197,197,-197
0,134,134,-134
2,2,4,0
2,2,4,0
2,2,4,0
2,2,4,0
2,2,4,0
8,8,16,0
19,8,27,11
1,1,2,0
1,7,8,-6
37,0,37,37
3,1,4,2
3,1,4,2
3,1,4,2
3,1,4,2
3,2,5,1
6,5,11,1
2,37,39,-35
3,1,4,2
59,4,63,55
3,1,4,2
3,1,4,2
3,1,4,2
3,1,4,2
7,7,14,0
1,1,2,0
6,7,13,-1
2,2,4,0
4,4,8,0
2,2,4,0
6,6,12,0
2,3,5,-1
2,3,5,-1
2,3,5,-1
2,3,5,-1
2,3,5,-1
1,1,2,0
3,3,6,0
0,1334,1334,-1334
1,1,2,0
1,1,2,0
2,0,2,2
1,1,2,0
1,1,2,0
15,7,22,8
12,4,16,8
1,1,2,0
4,4,8,0
1,1,2,0
1,1,2,0
1,1,2,0
1,1,2,0
2,2,4,0
1,1,2,0
1,1,2,0
1,1,2,0
1,1,2,0
2,2,4,0
1,1,2,0
1,1,2,0
1,1,2,0
4,4,8,0
1,1,2,0
1,1,2,0
1,42,43,-41
1,53,54,-52
2,45,47,-43
2,59,61,-57
0,40,40,-40
0,40,40,-40
2,2,4,0
2,1292,1294,-1290
3,3,6,0
11,11,22,0
38,33,71,5
2,2,4,0
1,1,2,0
2,2,4,0
25,17,42,8
16,0,16,16
4,3,7,1
4,3,7,1
22,0,22,22
22,0,22,22
23,0,23,23
3,2,5,1
3,2,5,1
4,2,6,2
1,1,2,0
18,0,18,18
14,9,23,5
3,3,6,0
3,3,6,0
2,4,6,-2
56,0,56,56
210,0,210,210
101,0,101,101
49,0,49,49
87,0,87,87
4,4,8,0
1,1,2,0
40,0,40,40
1,1,2,0
21,0,21,21
21,0,21,21
777,10,787,767
3,3,6,0
2,1,3,1
2,1,3,1
8,1,9,7
2,0,2,2
4,2,6,2
277,7,284,270
5,5,10,0
1,1,2,0
2,2,4,0
1,1,2,0
1,1,2,0
1,1,2,0
1,1,2,0
1,1,2,0
1,1,2,0
1,1,2,0
1,1,2,0
0,8,8,-8
1,1,2,0
9,9,18,0
1,1,2,0
21,0,21,21
18,0,18,18
2,0,2,2
2,1,3,1
1,1,2,0
2,2,4,0
1,1,2,0
2,2,4,0
14,14,28,0
1,0,1,1
2,0,2,2
1,1,2,0
1,1,2,0
4,0,4,4
1,1,2,0
4,2,6,2
1,1,2,0
6,5,11,1
1,1,2,0
2,2,4,0
2,2,4,0
2,2,4,0
1,1,2,0
2,2,4,0
1,1,2,0
2,1,3,1
2,1,3,1
1,1,2,0
1,1,2,0
4,4,8,0
4,4,8,0
3,3,6,0
8,4,12,4
1,1,2,0
1,1,2,0
3,3,6,0
2,2,4,0
3,3,6,0
1,1,2,0
1,1,2,0
1,1,2,0
1,1,2,0
2,2,4,0
2,2,4,0
1,1,2,0
1,1,2,0
1,1,2,0
2,2,4,0
1,1,2,0
1,1,2,0
1,1,2,0
2,2,4,0
2,2,4,0
3,3,6,0
1,1,2,0
1,1,2,0
1,1,2,0
1,1,2,0
1,1,2,0
1,1,2,0
1,0,1,1
1,0,1,1
1,1,2,0
1,0,1,1
1,0,1,1
1,0,1,1
1,3,4,-2
1,1,2,0
1,1,2,0
6,6,12,0
10,10,20,0
17,17,34,0
1,1,2,0
3,3,6,0
96,66,162,30
87,57,144,30
29,15,44,14
59,38,97,21
17,0,17,17
14,0,14,14
7,0,7,7
7,0,7,7
7,1,8,6
7,0,7,7
27,15,42,12
1,1,2,0
1,1,2,0
2,1,3,1
37,0,37,37
0,2,2,-2
8,2,10,6
8,2,10,6
1,1,2,0
1,1,2,0
366,25,391,341
34,9,43,25
13,3,16,10
24,39,63,-15
2,109,111,-107
31,26,57,5
26,30,56,-4
1,2,3,-1
18,13,31,5
15,7,22,8
9,3,12,6
3,3,6,0
1,1,2,0
1,1,2,0
80,0,80,80
10,9,19,1
2,3,5,-1
2,2,4,0
84,95,179,-11
2,3,5,-1
2,2,4,0
2,3,5,-1
6,9,15,-3
2,3,5,-1
2,2,4,0
64,72,136,-8
2,3,5,-1
2,2,4,0
22,28,50,-6
2,3,5,-1
2,2,4,0
2,2,4,0
2,3,5,-1
2,5,7,-3
2,5,7,-3
10,10,20,0
2,4,6,-2
2,4,6,-2
2,4,6,-2
2,3,5,-1
2,1,3,1
2,1,3,1
2,1,3,1
2,1,3,1
2,2,4,0
2,3,5,-1
2,4,6,-2
2,2,4,0
2,2,4,0
2,2,4,0
2,2,4,0
2,2,4,0
2,4,6,-2
2,3,5,-1
2,4,6,-2
2,4,6,-2
2,3,5,-1
2,3,5,-1
2,5,7,-3
2,5,7,-3
2,4,6,-2
2,4,6,-2
2,4,6,-2
2,3,5,-1
2,5,7,-3
2,5,7,-3
2,4,6,-2
2,4,6,-2
2,4,6,-2
2,3,5,-1
2,1,3,1
2,1,3,1
2,1,3,1
2,3,5,-1
2,4,6,-2
2,2,4,0
2,2,4,0
2,2,4,0
2,4,6,-2
2,2,4,0
2,2,4,0
2,4,6,-2
2,3,5,-1
2,1,3,1
2,4,6,-2
2,3,5,-1
2,3,5,-1
2,2,4,0
10,10,20,0
27,29,56,-2
3,6,9,-3
2,3,5,-1
20,23,43,-3
2,3,5,-1
2,4,6,-2
6,9,15,-3
2,2,4,0
2,2,4,0
2,2,4,0
2,2,4,0
6,7,13,-1
2,3,5,-1
2,2,4,0
8,9,17,-1
34,0,34,34
4,4,8,0
3,0,3,3
3,3,6,0
52,0,52,52
2,2,4,0
12,0,12,12
3,3,6,0
44,4,48,40
8,4,12,4
6,0,6,6
2,0,2,2
6,0,6,6
20,0,20,20
67,2,69,65
65,5,70,60
60,7,67,53
8,0,8,8
2,0,2,2
1,1,2,0
3,1,4,2
1,0,1,1
223,123,346,100
1,3,4,-2
1,1,2,0
1,1,2,0
8,0,8,8
35,0,35,35
1,1,2,0
0,1,1,-1
95,14,109,81
11,9,20,2
68,17,85,51
92,38,130,54
113,9,122,104
8,9,17,-1
9,11,20,-2
9,11,20,-2
23,3,26,20
1,1,2,0
1,1,2,0
22,46,68,-24
22,45,67,-23
69,69,138,0
7,7,14,0
18,0,18,18
71,54,125,17
4,4,8,0
2,1,3,1
0,0,0,0
1,1,2,0
95,0,95,95
4,0,4,4
4,0,4,4
30,0,30,30
37,0,37,37
63,0,63,63
65,0,65,65
65,0,65,65
37,0,37,37
275,0,275,275
36,0,36,36
1,0,1,1
33,0,33,33
6,9,15,-3
1,0,1,1
120,0,120,120
1,1,2,0
15,0,15,15
31,1,32,30
35,5,40,30
11,3,14,8
4,0,4,4
4,0,4,4
4,0,4,4
4,0,4,4
15,0,15,15
16,0,16,16
4,1,5,3
4,3,7,1
4,1,5,3
4,3,7,1
4,1,5,3
19,19,38,0
2,5,7,-3
4,4,8,0
1,1,2,0
1,1,2,0
0,1,1,-1
24,0,24,24
3,3,6,0
1,1,2,0
1,1,2,0
230,230,460,0
2,2,4,0
2,2,4,0
2,2,4,0
1,1,2,0
1,1,2,0
1,1,2,0
39,0,39,39
1,1,2,0
8,0,8,8
28,0,28,28
8,0,8,8
20,0,20,20
4,0,4,4
9,9,18,0
0,3,3,-3
0,4,4,-4
2,1,3,1
2,0,2,2
1,0,1,1
5,0,5,5
6,0,6,6
2,0,2,2
3,0,3,3
2,0,2,2
1,0,1,1
2,0,2,2
5,0,5,5
6,0,6,6
2,1,3,1
330,9,339,321
47,0,47,47
6,5,11,1
6,5,11,1
69,0,69,69
1,1,2,0
517,0,517,517
88,0,88,88
88,0,88,88
88,0,88,88
88,0,88,88
88,0,88,88
88,0,88,88
88,0,88,88
88,0,88,88
88,0,88,88
88,0,88,88
88,0,88,88
88,0,88,88
87,0,87,87
87,0,87,87
87,0,87,87
87,0,87,87
87,0,87,87
87,0,87,87
87,0,87,87
87,0,87,87
87,0,87,87
87,0,87,87
87,0,87,87
87,0,87,87
19,0,19,19
19,0,19,19
8,6,14,2
8,5,13,3
4,2,6,2
10,8,18,2
2,0,2,2
7,0,7,7
2,0,2,2
13,12,25,1
8,2,10,6
6,2,8,4
133,17,150,116
31,0,31,31
80,16,96,64
78,17,95,61
1,1,2,0
17,0,17,17
24,25,49,-1
3,3,6,0
6,7,13,-1
2,3,5,-1
6,7,13,-1
22,23,45,-1
6,6,12,0
6,7,13,-1
4,5,9,-1
2,2,4,0
6,6,12,0
2,3,5,-1
6,7,13,-1
2,2,4,0
6,7,13,-1
6,6,12,0
1,1,2,0
1,1,2,0
2,2,4,0
1,1,2,0
5,5,10,0
10,11,21,-1
1,1,2,0
1,1,2,0
3,3,6,0
12,12,24,0
1,1,2,0
4,5,9,-1
1,1,2,0
1,1,2,0
1,1,2,0
5,5,10,0
6,6,12,0
4,5,9,-1
3,3,6,0
2,3,5,-1
4,4,8,0
1,1,2,0
1,1,2,0
4,4,8,0
1,1,2,0
2,2,4,0
4,4,8,0
1,1,2,0
3,3,6,0
2,2,4,0
3,3,6,0
4,5,9,-1
6,6,12,0
2,3,5,-1
4,4,8,0
3,4,7,-1
7,10,17,-3
2,3,5,-1
4,5,9,-1
4,5,9,-1
5,6,11,-1
4,4,8,0
2,2,4,0
6,7,13,-1
3,4,7,-1
2,3,5,-1
6,6,12,0
1,1,2,0
2,2,4,0
1,1,2,0
10,12,22,-2
4,4,8,0
2,3,5,-1
10,11,21,-1
3,3,6,0
4,5,9,-1
5,5,10,0
6,6,12,0
4,5,9,-1
3,3,6,0
2,3,5,-1
2,2,4,0
1,1,2,0
4,4,8,0
1,1,2,0
6,7,13,-1
2,3,5,-1
6,6,12,0
4,4,8,0
2,2,4,0
2,2,4,0
4,5,9,-1
2,3,5,-1
2,3,5,-1
1,1,2,0
6,6,12,0
1,1,2,0
1,1,2,0
6,6,12,0
1,1,2,0
4,5,9,-1
6,7,13,-1
8,9,17,-1
4,5,9,-1
4,4,8,0
4,5,9,-1
4,5,9,-1
1,1,2,0
2,2,4,0
10,10,20,0
4,4,8,0
2,2,4,0
16,20,36,-4
8,8,16,0
6,6,12,0
12,14,26,-2
16,17,33,-1
13,15,28,-2
2,2,4,0
4,5,9,-1
6,6,12,0
2,3,5,-1
2,3,5,-1
9,9,18,0
6,6,12,0
16,17,33,-1
2,3,5,-1
5,6,11,-1
10,10,20,0
27,4,31,23
26,5,31,21
28,4,32,24
27,5,32,22
27,4,31,23
133,25,158,108
9,4,13,5
30,1,31,29
31,7,38,24
49,6,55,43
28,7,35,21
5,5,10,0
4,4,8,0
11,7,18,4
11,7,18,4
24,0,24,24
24,0,24,24
4,0,4,4
3,0,3,3
3,1,4,2
2,2,4,0
2,2,4,0
1,1,2,0
76,4,80,72
5,4,9,1
54,5,59,49
78,5,83,73
50,2,52,48
68,2,70,66
62,5,67,57
5,3,8,2
110,12,122,98
39,2,41,37
22,19,41,3
20,10,30,10
56,3,59,53
127,1,128,126
104,0,104,104
140,0,140,140
76,1,77,75
17,0,17,17
14,4,18,10
81,0,81,81
1,1,2,0
1,1,2,0
51,0,51,51
90,9,99,81
25,0,25,25
31,5,36,26
28,3,31,25
28,3,31,25
25,0,25,25
2,2,4,0
2,2,4,0
2,2,4,0
2,2,4,0
2,2,4,0
1,1,2,0
13,13,26,0
8,0,8,8
26,10,36,16
37,3,40,34
35,3,38,32
4,2,6,2
1,1,2,0
57,57,114,0
42,42,84,0
35,35,70,0
12,12,24,0
12,12,24,0
49,49,98,0
4,4,8,0
0,1,1,-1
6,0,6,6
6,0,6,6
45,45,90,0
7,7,14,0
44,44,88,0
3,3,6,0
28,0,28,28
10,8,18,2
10,8,18,2
2,2,4,0
74,0,74,74
0,97,97,-97
25,1,26,24
11,11,22,0
3,2,5,1
56,0,56,56
109,0,109,109
3,4,7,-1
1,0,1,1
1,1,2,0
1,1,2,0
1,1,2,0
3,5,8,-2
21,17,38,4
12,15,27,-3
11,11,22,0
3,3,6,0
2,2,4,0
2,2,4,0
3,3,6,0
5,2,7,3
4,4,8,0
4,2,6,2
26,0,26,26
2,2,4,0
12,0,12,12
12,0,12,12
12,0,12,12
12,0,12,12
1,0,1,1
0,1,1,-1
9,27,36,-18
0,6,6,-6
8,15,23,-7
4,4,8,0
6,9,15,-3
1,1,2,0
1,1,2,0
1,1,2,0
1,1,2,0
1,1,2,0
1,1,2,0
2,2,4,0
2,2,4,0
2,2,4,0
1,1,2,0
0,1,1,-1
0,1,1,-1
0,1,1,-1
0,1,1,-1
0,1,1,-1
0,1,1,-1
1,1,2,0
1,1,2,0
1,1,2,0
2,2,4,0
0,1,1,-1
2,2,4,0
7,4,11,3
29,0,29,29
1,3,4,-2
1,3,4,-2
1,3,4,-2
1,1,2,0
10,8,18,2
2,4,6,-2
1,4,5,-3
4,0,4,4
4,2,6,2
1,1,2,0
3,3,6,0
1,1,2,0
1,1,2,0
1,1,2,0
1,1,2,0
9,20,29,-11
19,19,38,0
18,18,36,0
1,3,4,-2
11,5,16,6
13,0,13,13
47,8,55,39
39,0,39,39
4,1,5,3
4,1,5,3
1,1,2,0
1,1,2,0
4,1,5,3
4,1,5,3
1,1,2,0
1,1,2,0
31,20,51,11
3,3,6,0
13,21,34,-8
13,21,34,-8
2,5,7,-3
2,5,7,-3
1,1,2,0
1,0,1,1
1,1,2,0
1,1,2,0
2,2,4,0
2,2,4,0
1,1,2,0
1,1,2,0
13,9,22,4
1,1,2,0
2,2,4,0
3,3,6,0
4,4,8,0
5,5,10,0
6,6,12,0
7,7,14,0
1,1,2,0
1,1,2,0
3,3,6,0
8,8,16,0
28,0,28,28
1,1,2,0
1,1,2,0
3,3,6,0
3,2,5,1
1,2,3,-1
3,2,5,1
0,1,1,-1
1,0,1,1
2,2,4,0
3,2,5,1
3,3,6,0
2,2,4,0
1,1,2,0
1,1,2,0
3,3,6,0
7,8,15,-1
2,2,4,0
4,4,8,0
0,6,6,-6
2,2,4,0
1,1,2,0
1,1,2,0
1,1,2,0
1,1,2,0
1,1,2,0
4,4,8,0
8,2,10,6
4,3,7,1
2,3,5,-1
2,1,3,1
7,6,13,1
14,7,21,7
2,1,3,1
3,1,4,2
6,4,10,2
2,1,3,1
7,2,9,5
4,2,6,2
3,3,6,0
7,2,9,5
4,2,6,2
1,0,1,1
7,2,9,5
4,2,6,2
2,1,3,1
2,1,3,1
3,1,4,2
4,2,6,2
3,1,4,2
4,4,8,0
4,4,8,0
2,1,3,1
4,4,8,0
5,4,9,1
6,5,11,1
38,2,40,36
3,3,6,0
3,2,5,1
5,2,7,3
9,6,15,3
3,0,3,3
1,1,2,0
1,1,2,0
37,2,39,35
1,2,3,-1
1,1,2,0
1,1,2,0
1,1,2,0
1,1,2,0
17,11,28,6
1,1,2,0
6,6,12,0
59,59,118,0
2,2,4,0
3,3,6,0
53,53,106,0
4,4,8,0
3,3,6,0
2,2,4,0
1,1,2,0
1,1,2,0
1,1,2,0
0,1,1,-1
0,2,2,-2
0,2,2,-2
0,1,1,-1
0,28,28,-28
0,2,2,-2
3,8,11,-5
19,19,38,0
10,10,20,0
0,2,2,-2
0,1,1,-1
1,1,2,0
0,2,2,-2
0,2,2,-2
0,3,3,-3
0,1,1,-1
0,1,1,-1
1,4,5,-3
8,8,16,0
5,4,9,1
0,1,1,-1
19,19,38,0
10,10,20,0
5,5,10,0
2,2,4,0
1,1,2,0
1,1,2,0
5,5,10,0
2,2,4,0
2,2,4,0
1,1,2,0
1,1,2,0
7,0,7,7
189,18,207,171
5,1,6,4
7,0,7,7
39,1,40,38
27,0,27,27
35,0,35,35
38,0,38,38
27,0,27,27
45,0,45,45
53,0,53,53
51,0,51,51
47,1,48,46
5,4,9,1
50,2,52,48
47,1,48,46
62,4,66,58
3,2,5,1
189,189,378,0
2,1,3,1
1,1,2,0
4,3,7,1
3,2,5,1
3,1,4,2
4,1,5,3
3,1,4,2
4,1,5,3
4,2,6,2
3,1,4,2
3,1,4,2
2,3,5,-1
3,1,4,2
5,4,9,1
5,3,8,2
3,1,4,2
4,2,6,2
3,1,4,2
4,1,5,3
4,2,6,2
3,1,4,2
4,1,5,3
3,1,4,2
4,1,5,3
5,4,9,1
4,3,7,1
3,1,4,2
4,1,5,3
3,1,4,2
4,1,5,3
1,1,2,0
1,1,2,0
1,1,2,0
2,2,4,0
2,2,4,0
2,2,4,0
20,10,30,10
249,161,410,88
7,6,13,1
28,12,40,16
19,17,36,2
86,58,144,28
15,7,22,8
13,10,23,3
15,9,24,6
34,26,60,8
14,12,26,2
1,1,2,0
1,1,2,0
2,2,4,0
2,2,4,0
2,2,4,0
1,1,2,0
2,2,4,0
2,2,4,0
3,3,6,0
1,1,2,0
2,2,4,0
1,1,2,0
43,0,43,43
1,0,1,1
2,2,4,0
2,2,4,0
2,2,4,0
1,1,2,0
1,1,2,0
2,2,4,0
24,24,48,0
2,2,4,0
61,42,103,19
5,0,5,5
62,0,62,62
119,0,119,119
4,1,5,3
59,0,59,59
1,1,2,0
61,46,107,15
61,47,108,14
1,1,2,0
16,16,32,0
22,22,44,0
10,10,20,0
3,3,6,0
1,1,2,0
1,1,2,0
1,1,2,0
1,1,2,0
2,2,4,0
1,1,2,0
1,1,2,0
1,1,2,0
1,1,2,0
1,1,2,0
1,1,2,0
486,0,486,486
18,23,41,-5
1,0,1,1
89,89,178,0
139,10,149,129
5,2,7,3
1,1,2,0
11,0,11,11
1,1,2,0
37,4,41,33
2,0,2,2
3,0,3,3
6,0,6,6
2,0,2,2
2,0,2,2
2,0,2,2
3,0,3,3
3,0,3,3
3,0,3,3
3,0,3,3
3,0,3,3
2,0,2,2
2,0,2,2
2,0,2,2
2,0,2,2
3,0,3,3
2,0,2,2
3,0,3,3
3,0,3,3
2,0,2,2
2,0,2,2
2,0,2,2
2,0,2,2
2,0,2,2
5,0,5,5
2,0,2,2
2,0,2,2
2,0,2,2
2,0,2,2
2,0,2,2
2,0,2,2
2,0,2,2
2,0,2,2
2,0,2,2
2,0,2,2
2,0,2,2
2,0,2,2
2,0,2,2
2,0,2,2
2,0,2,2
2,0,2,2
2,0,2,2
2,0,2,2
2,0,2,2
2,0,2,2
2,0,2,2
2,0,2,2
2,0,2,2
3,0,3,3
2,0,2,2
5,0,5,5
2,0,2,2
2,0,2,2
2,0,2,2
3,0,3,3
11,1,12,10
25,14,39,11
3,0,3,3
33,0,33,33
10,4,14,6
14,6,20,8
14,6,20,8
4,1,5,3
2,0,2,2
5,2,7,3
6,2,8,4
8,3,11,5
10,4,14,6
157,65,222,92
13,1,14,12
8,4,12,4
5,2,7,3
6,2,8,4
2,0,2,2
5,2,7,3
6,2,8,4
2,0,2,2
0,8,8,-8
4,1,5,3
7,3,10,4
1,0,1,1
30,0,30,30
3,1,4,2
4,1,5,3
3,1,4,2
3,1,4,2
4,1,5,3
4,1,5,3
4,1,5,3
4,1,5,3
4,1,5,3
4,1,5,3
4,1,5,3
3,0,3,3
3,1,4,2
58,0,58,58
23,0,23,23
5,4,9,1
4,0,4,4
5,6,11,-1
1,1,2,0
1,1,2,0
1,1,2,0
1,1,2,0
1,1,2,0
1,1,2,0
1,1,2,0
1,1,2,0
1,1,2,0
1,1,2,0
1,1,2,0
1,1,2,0
1,1,2,0
1,1,2,0
1,1,2,0
1,1,2,0
1,1,2,0
1,1,2,0
1,1,2,0
1,1,2,0
1,1,2,0
1,1,2,0
1,1,2,0
1,1,2,0
1,1,2,0
1,1,2,0
1,1,2,0
1,1,2,0
1,1,2,0
1,1,2,0
1,1,2,0
1,1,2,0
1,1,2,0
1,1,2,0
1,1,2,0
1,1,2,0
1,1,2,0
1,1,2,0
1,1,2,0
1,1,2,0
1,1,2,0
1,1,2,0
1,1,2,0
1,1,2,0
1,1,2,0
1,1,2,0
1,1,2,0
1,1,2,0
1,1,2,0
1,1,2,0
1,1,2,0
1,1,2,0
1,1,2,0
1,1,2,0
1,1,2,0
1,1,2,0
1,1,2,0
1,1,2,0
1,1,2,0
1,1,2,0
1,1,2,0
1,1,2,0
1,1,2,0
1,1,2,0
1,1,2,0
1,1,2,0
1,1,2,0
1,1,2,0
1,1,2,0
1,1,2,0
1,1,2,0
1,1,2,0
1,1,2,0
1,1,2,0
1,1,2,0
1,1,2,0
1,1,2,0
1,1,2,0
1,1,2,0
1,1,2,0
1,1,2,0
1,1,2,0
1,1,2,0
1,1,2,0
1,1,2,0
1,1,2,0
1,1,2,0
1,1,2,0
1,1,2,0
1,1,2,0
1,1,2,0
1,1,2,0
1,1,2,0
1,1,2,0
1,1,2,0
1,1,2,0
1,1,2,0
1,1,2,0
1,1,2,0
1,1,2,0
1,1,2,0
1,1,2,0
1,1,2,0
1,1,2,0
1,1,2,0
1,1,2,0
1,1,2,0
1,1,2,0
1,1,2,0
1,1,2,0
1,1,2,0
1,1,2,0
1,1,2,0
1,1,2,0
1,1,2,0
1,1,2,0
1,1,2,0
1,1,2,0
1,1,2,0
1,1,2,0
1,1,2,0
1,1,2,0
1,1,2,0
1,1,2,0
1,1,2,0
1,1,2,0
1,1,2,0
1,1,2,0
1,1,2,0
1,1,2,0
1,1,2,0
1,1,2,0
1,1,2,0
1,1,2,0
1,1,2,0
1,1,2,0
1,1,2,0
1,1,2,0
1,1,2,0
1,1,2,0
1,1,2,0
1,1,2,0
1,1,2,0
1,1,2,0
1,1,2,0
1,1,2,0
1,1,2,0
1,1,2,0
1,1,2,0
1,1,2,0
1,1,2,0
1,1,2,0
1,1,2,0
1,1,2,0
1,1,2,0
1,1,2,0
1,1,2,0
1,1,2,0
1,1,2,0
1,1,2,0
1,1,2,0
1,1,2,0
1,1,2,0
1,1,2,0
1,1,2,0
1,1,2,0
1,1,2,0
1,1,2,0
1,1,2,0
1,1,2,0
1,1,2,0
1,1,2,0
1,1,2,0
1,1,2,0
1,1,2,0
1,1,2,0
1,1,2,0
1,1,2,0
1,1,2,0
1,1,2,0
1,1,2,0
1,1,2,0
1,1,2,0
1,1,2,0
1,1,2,0
1,1,2,0
1,1,2,0
1,1,2,0
1,1,2,0
1,1,2,0
1,1,2,0
1,1,2,0
1,1,2,0
1,1,2,0
1,1,2,0
1,1,2,0
1,1,2,0
1,1,2,0
1,1,2,0
1,1,2,0
1,1,2,0
1,1,2,0
1,1,2,0
1,1,2,0
1,1,2,0
1,1,2,0
1,1,2,0
1,1,2,0
1,1,2,0
1,1,2,0
1,1,2,0
1,1,2,0
1,1,2,0
1,1,2,0
1,1,2,0
1,1,2,0
1,1,2,0
1,1,2,0
1,1,2,0
1,1,2,0
1,1,2,0
1,1,2,0
1,1,2,0
1,1,2,0
1,1,2,0
1,1,2,0
1,1,2,0
1,1,2,0
1,1,2,0
1,1,2,0
1,1,2,0
1,1,2,0
1,1,2,0
1,1,2,0
1,1,2,0
1,1,2,0
1,1,2,0
1,1,2,0
1,1,2,0
1,1,2,0
1,1,2,0
1,1,2,0
1,1,2,0
1,1,2,0
1,1,2,0
1,1,2,0
1,1,2,0
1,1,2,0
1,1,2,0
1,1,2,0
1,1,2,0
1,1,2,0
1,1,2,0
1,1,2,0
1,1,2,0
1,1,2,0
1,1,2,0
1,1,2,0
1,1,2,0
1,1,2,0
1,1,2,0
1,1,2,0
1,1,2,0
1,1,2,0
1,1,2,0
1,1,2,0
1,1,2,0
1,1,2,0
1,1,2,0
1,1,2,0
1,1,2,0
1,1,2,0
1,1,2,0
1,1,2,0
1,1,2,0
1,1,2,0
1,1,2,0
1,1,2,0
1,1,2,0
1,1,2,0
1,1,2,0
1,1,2,0
1,1,2,0
1,1,2,0
1,1,2,0
1,1,2,0
1,1,2,0
1,1,2,0
1,1,2,0
1,1,2,0
1,1,2,0
1,1,2,0
1,1,2,0
1,1,2,0
1,1,2,0
1,1,2,0
1,1,2,0
1,1,2,0
1,1,2,0
1,1,2,0
1,1,2,0
1,1,2,0
1,1,2,0
1,1,2,0
1,1,2,0
1,1,2,0
1,1,2,0
1,1,2,0
1,1,2,0
1,1,2,0
1,1,2,0
1,1,2,0
1,1,2,0
1,1,2,0
1,1,2,0
1,1,2,0
1,1,2,0
1,1,2,0
1,1,2,0
1,1,2,0
1,1,2,0
1,1,2,0
1,1,2,0
1,1,2,0
1,1,2,0
1,1,2,0
1,1,2,0
1,1,2,0
1,1,2,0
1,1,2,0
1,1,2,0
1,1,2,0
1,1,2,0
1,1,2,0
1,1,2,0
1,1,2,0
1,1,2,0
1,1,2,0
1,1,2,0
1,1,2,0
1,1,2,0
1,1,2,0
1,1,2,0
1,1,2,0
1,1,2,0
1,1,2,0
1,1,2,0
1,1,2,0
1,1,2,0
1,1,2,0
1,1,2,0
1,1,2,0
1,1,2,0
1,1,2,0
1,1,2,0
1,1,2,0
1,1,2,0
1,1,2,0
1,1,2,0
1,1,2,0
1,1,2,0
1,1,2,0
1,1,2,0
1,1,2,0
1,1,2,0
1,1,2,0
1,1,2,0
1,1,2,0
1,1,2,0
1,1,2,0
1,1,2,0
1,1,2,0
1,1,2,0
1,1,2,0
1,1,2,0
1,1,2,0
1,1,2,0
1,1,2,0
1,1,2,0
1,1,2,0
1,1,2,0
1,1,2,0
1,1,2,0
1,1,2,0
1,1,2,0
1,1,2,0
1,1,2,0
1,1,2,0
1,1,2,0
1,1,2,0
1,1,2,0
1,1,2,0
1,1,2,0
1,1,2,0
1,1,2,0
1,1,2,0
1,1,2,0
1,1,2,0
1,1,2,0
1,1,2,0
1,1,2,0
1,1,2,0
1,1,2,0
1,1,2,0
1,1,2,0
1,1,2,0
1,1,2,0
1,1,2,0
1,1,2,0
1,1,2,0
1,1,2,0
1,1,2,0
1,1,2,0
1,1,2,0
1,1,2,0
1,1,2,0
1,1,2,0
1,1,2,0
1,1,2,0
1,1,2,0
1,1,2,0
1,1,2,0
1,1,2,0
1,1,2,0
1,1,2,0
1,1,2,0
1,1,2,0
1,1,2,0
1,1,2,0
1,1,2,0
1,1,2,0
1,1,2,0
1,1,2,0
1,1,2,0
1,1,2,0
1,1,2,0
1,1,2,0
1,1,2,0
1,1,2,0
1,1,2,0
1,1,2,0
1,1,2,0
1,1,2,0
1,1,2,0
1,1,2,0
1,1,2,0
1,1,2,0
1,1,2,0
1,1,2,0
1,1,2,0
1,1,2,0
1,1,2,0
1,1,2,0
1,1,2,0
1,1,2,0
1,1,2,0
1,1,2,0
1,1,2,0
1,1,2,0
1,1,2,0
1,1,2,0
1,1,2,0
1,1,2,0
1,1,2,0
1,1,2,0
1,1,2,0
1,1,2,0
1,1,2,0
1,1,2,0
1,1,2,0
1,1,2,0
1,1,2,0
1,1,2,0
1,1,2,0
1,1,2,0
1,1,2,0
1,1,2,0
1,1,2,0
1,1,2,0
1,1,2,0
1,1,2,0
1,1,2,0
1,1,2,0
1,1,2,0
1,1,2,0
1,1,2,0
1,1,2,0
1,1,2,0
1,1,2,0
1,1,2,0
1,1,2,0
1,1,2,0
1,1,2,0
1,1,2,0
1,1,2,0
1,1,2,0
1,1,2,0
1,1,2,0
1,1,2,0
1,1,2,0
1,1,2,0
1,1,2,0
1,1,2,0
1,1,2,0
1,1,2,0
1,1,2,0
1,1,2,0
1,1,2,0
1,1,2,0
1,1,2,0
1,1,2,0
1,1,2,0
1,1,2,0
1,1,2,0
1,1,2,0
1,1,2,0
1,1,2,0
1,1,2,0
1,1,2,0
1,1,2,0
1,1,2,0
1,1,2,0
1,1,2,0
1,1,2,0
1,1,2,0
1,1,2,0
1,1,2,0
1,1,2,0
1,1,2,0
1,1,2,0
1,1,2,0
1,1,2,0
1,1,2,0
1,1,2,0
1,1,2,0
1,1,2,0
1,1,2,0
1,1,2,0
1,1,2,0
1,1,2,0
1,1,2,0
1,1,2,0
1,1,2,0
1,1,2,0
1,1,2,0
1,1,2,0
1,1,2,0
1,1,2,0
1,1,2,0
1,1,2,0
1,1,2,0
1,1,2,0
1,1,2,0
1,1,2,0
1,1,2,0
1,1,2,0
1,1,2,0
1,1,2,0
1,1,2,0
1,1,2,0
1,1,2,0
1,1,2,0
1,1,2,0
1,1,2,0
1,1,2,0
1,1,2,0
1,1,2,0
1,1,2,0
1,1,2,0
1,1,2,0
1,1,2,0
1,1,2,0
1,1,2,0
1,1,2,0
1,1,2,0
1,1,2,0
1,1,2,0
1,1,2,0
1,1,2,0
1,1,2,0
1,1,2,0
1,1,2,0
1,1,2,0
1,1,2,0
1,1,2,0
1,1,2,0
1,1,2,0
1,1,2,0
1,1,2,0
1,1,2,0
1,1,2,0
1,1,2,0
1,1,2,0
1,1,2,0
1,1,2,0
1,1,2,0
1,1,2,0
1,1,2,0
1,1,2,0
1,1,2,0
1,1,2,0
1,1,2,0
1,1,2,0
1,1,2,0
1,1,2,0
1,1,2,0
1,1,2,0
1,1,2,0
2,2,4,0
1,1,2,0
1,1,2,0
1,1,2,0
1,1,2,0
1,1,2,0
1,1,2,0
1,1,2,0
1,1,2,0
1,1,2,0
1,1,2,0
1,1,2,0
1,1,2,0
1,1,2,0
1,1,2,0
1,1,2,0
1,1,2,0
1,1,2,0
1,1,2,0
1,1,2,0
1,1,2,0
1,1,2,0
1,1,2,0
1,1,2,0
1,1,2,0
1,1,2,0
1,1,2,0
1,1,2,0
1,1,2,0
1,1,2,0
1,1,2,0
1,1,2,0
1,1,2,0
1,1,2,0
1,1,2,0
1,1,2,0
1,1,2,0
1,1,2,0
1,1,2,0
1,1,2,0
1,1,2,0
1,1,2,0
1,1,2,0
1,1,2,0
1,1,2,0
1,1,2,0
1,1,2,0
1,1,2,0
1,1,2,0
1,1,2,0
1,1,2,0
1,1,2,0
1,1,2,0
1,1,2,0
1,1,2,0
1,1,2,0
1,1,2,0
1,1,2,0
1,1,2,0
1,1,2,0
1,1,2,0
1,1,2,0
1,1,2,0
1,1,2,0
1,1,2,0
1,1,2,0
1,1,2,0
1,1,2,0
1,1,2,0
1,1,2,0
1,1,2,0
1,1,2,0
1,1,2,0
1,1,2,0
1,1,2,0
1,1,2,0
1,1,2,0
1,1,2,0
1,1,2,0
1,1,2,0
1,1,2,0
1,1,2,0
1,1,2,0
1,1,2,0
1,1,2,0
1,1,2,0
1,1,2,0
1,1,2,0
1,1,2,0
1,1,2,0
1,1,2,0
1,1,2,0
1,1,2,0
1,1,2,0
1,1,2,0
1,1,2,0
2,2,4,0
1,1,2,0
1,1,2,0
1,1,2,0
1,1,2,0
1,1,2,0
1,1,2,0
1,1,2,0
1,1,2,0
1,1,2,0
1,1,2,0
1,1,2,0
1,1,2,0
1,1,2,0
1,1,2,0
1,1,2,0
1,1,2,0
1,1,2,0
1,1,2,0
1,1,2,0
1,1,2,0
1,1,2,0
1,1,2,0
1,1,2,0
1,1,2,0
1,1,2,0
1,1,2,0
1,1,2,0
1,1,2,0
1,1,2,0
1,1,2,0
1,1,2,0
1,1,2,0
1,1,2,0
1,1,2,0
1,1,2,0
1,1,2,0
1,1,2,0
1,1,2,0
1,1,2,0
1,1,2,0
1,1,2,0
1,1,2,0
1,1,2,0
1,1,2,0
1,1,2,0
1,1,2,0
1,1,2,0
1,1,2,0
1,1,2,0
1,1,2,0
1,1,2,0
1,1,2,0
1,1,2,0
1,1,2,0
1,1,2,0
1,1,2,0
1,1,2,0
1,1,2,0
1,1,2,0
1,1,2,0
1,1,2,0
1,1,2,0
1,1,2,0
1,1,2,0
1,1,2,0
1,1,2,0
1,1,2,0
1,1,2,0
1,1,2,0
1,1,2,0
1,1,2,0
1,1,2,0
1,1,2,0
1,1,2,0
1,1,2,0
1,1,2,0
1,1,2,0
1,1,2,0
1,1,2,0
1,1,2,0
1,1,2,0
1,1,2,0
1,1,2,0
1,1,2,0
1,1,2,0
1,1,2,0
1,1,2,0
1,1,2,0
1,1,2,0
1,1,2,0
1,1,2,0
1,1,2,0
1,1,2,0
1,1,2,0
1,1,2,0
1,1,2,0
1,1,2,0
1,1,2,0
1,1,2,0
1,1,2,0
1,1,2,0
1,1,2,0
1,1,2,0
1,1,2,0
1,1,2,0
1,1,2,0
1,1,2,0
1,1,2,0
1,1,2,0
1,1,2,0
1,1,2,0
1,1,2,0
1,1,2,0
1,1,2,0
1,1,2,0
1,1,2,0
1,1,2,0
1,1,2,0
1,1,2,0
1,1,2,0
1,1,2,0
1,1,2,0
1,1,2,0
1,1,2,0
1,1,2,0
1,1,2,0
1,1,2,0
1,1,2,0
1,1,2,0
1,1,2,0
1,1,2,0
1,1,2,0
1,1,2,0
1,1,2,0
1,1,2,0
1,1,2,0
1,1,2,0
1,1,2,0
1,1,2,0
1,1,2,0
1,1,2,0
1,1,2,0
1,1,2,0
1,1,2,0
1,1,2,0
1,1,2,0
1,1,2,0
1,1,2,0
1,1,2,0
1,1,2,0
1,1,2,0
1,1,2,0
1,1,2,0
1,1,2,0
1,1,2,0
1,1,2,0
1,1,2,0
1,1,2,0
1,1,2,0
1,1,2,0
1,1,2,0
1,1,2,0
1,1,2,0
1,1,2,0
1,1,2,0
1,1,2,0
1,1,2,0
1,1,2,0
1,1,2,0
1,1,2,0
1,1,2,0
1,1,2,0
1,1,2,0
1,1,2,0
1,1,2,0
1,1,2,0
1,1,2,0
1,1,2,0
1,1,2,0
1,1,2,0
1,1,2,0
1,1,2,0
1,1,2,0
1,1,2,0
1,1,2,0
1,1,2,0
1,1,2,0
1,1,2,0
1,1,2,0
1,1,2,0
1,1,2,0
1,1,2,0
1,1,2,0
1,1,2,0
1,1,2,0
1,1,2,0
1,1,2,0
1,1,2,0
1,1,2,0
1,1,2,0
1,1,2,0
1,1,2,0
1,1,2,0
1,1,2,0
1,1,2,0
1,1,2,0
1,1,2,0
1,1,2,0
1,1,2,0
1,1,2,0
1,1,2,0
1,1,2,0
1,1,2,0
1,1,2,0
1,1,2,0
1,1,2,0
1,1,2,0
1,1,2,0
1,1,2,0
1,1,2,0
1,1,2,0
1,1,2,0
1,1,2,0
1,1,2,0
1,1,2,0
1,1,2,0
1,1,2,0
1,1,2,0
1,1,2,0
1,1,2,0
1,1,2,0
1,1,2,0
1,1,2,0
1,1,2,0
1,1,2,0
1,1,2,0
1,1,2,0
1,1,2,0
1,1,2,0
1,1,2,0
1,1,2,0
1,1,2,0
1,1,2,0
1,1,2,0
1,1,2,0
1,1,2,0
1,1,2,0
1,1,2,0
1,1,2,0
1,1,2,0
1,1,2,0
1,1,2,0
1,1,2,0
1,1,2,0
1,1,2,0
1,1,2,0
1,1,2,0
1,1,2,0
1,1,2,0
1,1,2,0
1,1,2,0
1,1,2,0
1,1,2,0
1,1,2,0
1,1,2,0
1,1,2,0
1,1,2,0
1,1,2,0
1,1,2,0
1,1,2,0
1,1,2,0
1,1,2,0
1,1,2,0
1,1,2,0
1,1,2,0
1,1,2,0
1,1,2,0
1,1,2,0
1,1,2,0
1,1,2,0
1,1,2,0
1,1,2,0
1,1,2,0
1,1,2,0
1,1,2,0
1,1,2,0
1,1,2,0
1,1,2,0
1,1,2,0
1,1,2,0
1,1,2,0
1,1,2,0
1,1,2,0
1,1,2,0
1,1,2,0
1,1,2,0
1,1,2,0
1,1,2,0
1,1,2,0
1,1,2,0
1,1,2,0
1,1,2,0
1,1,2,0
1,1,2,0
1,1,2,0
1,1,2,0
1,1,2,0
1,1,2,0
1,1,2,0
1,1,2,0
1,1,2,0
1,1,2,0
1,1,2,0
1,1,2,0
1,1,2,0
1,1,2,0
1,1,2,0
1,1,2,0
1,1,2,0
1,1,2,0
1,1,2,0
1,1,2,0
1,1,2,0
1,1,2,0
1,1,2,0
1,1,2,0
1,1,2,0
1,1,2,0
1,1,2,0
1,1,2,0
1,1,2,0
1,1,2,0
1,1,2,0
1,1,2,0
1,1,2,0
1,1,2,0
1,1,2,0
1,1,2,0
1,1,2,0
1,1,2,0
1,1,2,0
1,1,2,0
1,1,2,0
1,1,2,0
1,1,2,0
1,1,2,0
1,1,2,0
1,1,2,0
1,1,2,0
1,1,2,0
1,1,2,0
1,1,2,0
1,1,2,0
1,1,2,0
1,1,2,0
1,1,2,0
1,1,2,0
1,1,2,0
1,1,2,0
1,1,2,0
1,1,2,0
1,1,2,0
1,1,2,0
1,1,2,0
1,1,2,0
1,1,2,0
1,1,2,0
1,1,2,0
1,1,2,0
1,1,2,0
1,1,2,0
1,1,2,0
1,1,2,0
1,1,2,0
1,1,2,0
1,1,2,0
1,1,2,0
1,1,2,0
1,1,2,0
1,1,2,0
1,1,2,0
1,1,2,0
1,1,2,0
1,1,2,0
1,1,2,0
1,1,2,0
1,1,2,0
1,1,2,0
1,1,2,0
1,1,2,0
1,1,2,0
1,1,2,0
1,1,2,0
1,1,2,0
1,1,2,0
1,1,2,0
1,1,2,0
1,1,2,0
1,1,2,0
1,1,2,0
1,1,2,0
1,1,2,0
1,1,2,0
1,1,2,0
1,1,2,0
1,1,2,0
1,1,2,0
1,1,2,0
1,1,2,0
1,1,2,0
1,1,2,0
1,1,2,0
1,1,2,0
1,1,2,0
1,1,2,0
1,1,2,0
1,1,2,0
1,1,2,0
1,1,2,0
1,1,2,0
1,1,2,0
1,1,2,0
1,1,2,0
1,1,2,0
1,1,2,0
1,1,2,0
1,1,2,0
1,1,2,0
1,1,2,0
1,1,2,0
1,1,2,0
1,1,2,0
1,1,2,0
1,1,2,0
1,1,2,0
1,1,2,0
1,1,2,0
1,1,2,0
1,1,2,0
1,1,2,0
1,1,2,0
1,1,2,0
1,1,2,0
1,1,2,0
1,1,2,0
1,1,2,0
1,1,2,0
1,1,2,0
1,1,2,0
1,1,2,0
1,1,2,0
1,1,2,0
1,1,2,0
1,1,2,0
1,1,2,0
1,1,2,0
1,1,2,0
1,1,2,0
1,1,2,0
1,1,2,0
1,1,2,0
1,1,2,0
1,1,2,0
1,1,2,0
1,1,2,0
1,1,2,0
1,1,2,0
1,1,2,0
1,1,2,0
1,1,2,0
1,1,2,0
1,1,2,0
1,1,2,0
1,1,2,0
1,1,2,0
1,1,2,0
1,1,2,0
1,1,2,0
1,1,2,0
1,1,2,0
1,1,2,0
1,1,2,0
1,1,2,0
1,1,2,0
1,1,2,0
1,1,2,0
1,1,2,0
1,1,2,0
1,1,2,0
1,1,2,0
1,1,2,0
1,1,2,0
1,1,2,0
1,1,2,0
1,1,2,0
1,1,2,0
1,1,2,0
1,1,2,0
1,1,2,0
1,1,2,0
1,1,2,0
1,1,2,0
1,1,2,0
1,1,2,0
1,1,2,0
1,1,2,0
1,1,2,0
1,1,2,0
1,1,2,0
1,1,2,0
1,1,2,0
1,1,2,0
1,1,2,0
1,1,2,0
1,1,2,0
1,1,2,0
1,1,2,0
1,1,2,0
1,1,2,0
1,1,2,0
1,1,2,0
1,1,2,0
1,1,2,0
1,1,2,0
1,1,2,0
1,1,2,0
1,1,2,0
1,1,2,0
1,1,2,0
1,1,2,0
1,1,2,0
1,1,2,0
1,1,2,0
1,1,2,0
1,1,2,0
1,1,2,0
1,1,2,0
1,1,2,0
1,1,2,0
1,1,2,0
1,1,2,0
1,1,2,0
1,1,2,0
1,1,2,0
1,1,2,0
1,1,2,0
1,1,2,0
1,1,2,0
1,1,2,0
1,1,2,0
1,1,2,0
1,1,2,0
1,1,2,0
1,1,2,0
1,1,2,0
1,1,2,0
1,1,2,0
1,1,2,0
1,1,2,0
1,1,2,0
1,1,2,0
1,1,2,0
1,1,2,0
1,1,2,0
1,1,2,0
1,1,2,0
1,1,2,0
1,1,2,0
1,1,2,0
1,1,2,0
1,1,2,0
1,1,2,0
1,1,2,0
1,1,2,0
1,1,2,0
1,1,2,0
1,1,2,0
1,1,2,0
1,1,2,0
1,1,2,0
1,1,2,0
1,1,2,0
1,1,2,0
1,1,2,0
1,1,2,0
1,1,2,0
1,1,2,0
1,1,2,0
1,1,2,0
1,1,2,0
1,1,2,0
1,1,2,0
1,1,2,0
1,1,2,0
1,1,2,0
1,1,2,0
1,1,2,0
1,1,2,0
1,1,2,0
1,1,2,0
1,1,2,0
1,1,2,0
1,1,2,0
1,1,2,0
1,1,2,0
1,1,2,0
1,1,2,0
1,1,2,0
1,1,2,0
1,1,2,0
1,1,2,0
1,1,2,0
1,1,2,0
1,1,2,0
1,1,2,0
1,1,2,0
1,1,2,0
1,1,2,0
1,1,2,0
1,1,2,0
1,1,2,0
1,1,2,0
1,1,2,0
1,1,2,0
1,1,2,0
1,1,2,0
1,1,2,0
1,1,2,0
1,1,2,0
1,1,2,0
1,1,2,0
1,1,2,0
1,1,2,0
1,1,2,0
1,1,2,0
1,1,2,0
1,1,2,0
1,1,2,0
1,1,2,0
1,1,2,0
1,1,2,0
1,1,2,0
1,1,2,0
1,1,2,0
1,1,2,0
1,1,2,0
1,1,2,0
1,1,2,0
1,1,2,0
1,1,2,0
1,1,2,0
1,1,2,0
1,1,2,0
1,1,2,0
1,1,2,0
1,1,2,0
1,1,2,0
1,1,2,0
1,1,2,0
1,1,2,0
1,1,2,0
1,1,2,0
1,1,2,0
1,1,2,0
1,1,2,0
1,1,2,0
1,1,2,0
1,1,2,0
1,1,2,0
1,1,2,0
1,1,2,0
1,1,2,0
1,1,2,0
1,1,2,0
1,1,2,0
1,1,2,0
1,1,2,0
1,1,2,0
1,1,2,0
1,1,2,0
1,1,2,0
1,1,2,0
1,1,2,0
1,1,2,0
1,1,2,0
1,1,2,0
1,1,2,0
1,1,2,0
1,1,2,0
1,1,2,0
1,1,2,0
1,1,2,0
1,1,2,0
1,1,2,0
1,1,2,0
1,1,2,0
1,1,2,0
1,1,2,0
1,1,2,0
1,1,2,0
1,1,2,0
1,1,2,0
1,1,2,0
1,1,2,0
1,1,2,0
1,1,2,0
1,1,2,0
1,1,2,0
1,1,2,0
1,1,2,0
1,1,2,0
1,1,2,0
1,1,2,0
1,1,2,0
1,1,2,0
1,1,2,0
1,1,2,0
1,1,2,0
1,1,2,0
1,1,2,0
1,1,2,0
1,1,2,0
1,1,2,0
1,1,2,0
1,1,2,0
1,1,2,0
1,1,2,0
1,1,2,0
1,1,2,0
1,1,2,0
1,1,2,0
1,1,2,0
1,1,2,0
1,1,2,0
1,1,2,0
1,1,2,0
1,1,2,0
1,1,2,0
1,1,2,0
1,1,2,0
1,1,2,0
1,1,2,0
1,1,2,0
1,1,2,0
1,1,2,0
1,1,2,0
1,1,2,0
1,1,2,0
1,1,2,0
1,1,2,0
1,1,2,0
1,1,2,0
1,1,2,0
1,1,2,0
1,1,2,0
1,1,2,0
1,1,2,0
1,1,2,0
1,1,2,0
1,1,2,0
1,1,2,0
1,1,2,0
1,1,2,0
1,1,2,0
1,1,2,0
1,1,2,0
1,1,2,0
1,1,2,0
1,1,2,0
1,1,2,0
1,1,2,0
1,1,2,0
1,1,2,0
1,1,2,0
1,1,2,0
1,1,2,0
1,1,2,0
1,1,2,0
1,1,2,0
1,1,2,0
1,1,2,0
1,1,2,0
1,1,2,0
1,1,2,0
1,1,2,0
1,1,2,0
1,1,2,0
1,1,2,0
1,1,2,0
1,1,2,0
1,1,2,0
1,1,2,0
1,1,2,0
1,1,2,0
1,1,2,0
1,1,2,0
1,1,2,0
1,1,2,0
1,1,2,0
1,1,2,0
1,1,2,0
1,1,2,0
1,1,2,0
1,1,2,0
1,1,2,0
1,1,2,0
1,1,2,0
1,1,2,0
1,1,2,0
1,1,2,0
1,1,2,0
1,1,2,0
1,1,2,0
1,1,2,0
1,1,2,0
1,1,2,0
1,1,2,0
1,1,2,0
1,1,2,0
1,1,2,0
1,1,2,0
1,1,2,0
1,1,2,0
1,1,2,0
1,1,2,0
1,1,2,0
1,1,2,0
1,1,2,0
1,1,2,0
1,1,2,0
1,1,2,0
1,1,2,0
1,1,2,0
1,1,2,0
1,1,2,0
1,1,2,0
1,1,2,0
1,1,2,0
1,1,2,0
1,1,2,0
1,1,2,0
1,1,2,0
1,1,2,0
1,1,2,0
1,1,2,0
1,1,2,0
1,1,2,0
1,1,2,0
1,1,2,0
1,1,2,0
1,1,2,0
1,1,2,0
1,1,2,0
1,1,2,0
1,1,2,0
1,1,2,0
1,1,2,0
1,1,2,0
1,1,2,0
1,1,2,0
1,1,2,0
1,1,2,0
1,1,2,0
1,1,2,0
1,1,2,0
1,1,2,0
1,1,2,0
1,1,2,0
1,1,2,0
1,1,2,0
1,1,2,0
1,1,2,0
1,1,2,0
1,1,2,0
1,1,2,0
1,1,2,0
1,1,2,0
1,1,2,0
1,1,2,0
1,1,2,0
1,1,2,0
1,1,2,0
1,1,2,0
1,1,2,0
1,1,2,0
1,1,2,0
1,1,2,0
1,1,2,0
1,1,2,0
1,1,2,0
1,1,2,0
1,1,2,0
1,1,2,0
1,1,2,0
1,1,2,0
1,1,2,0
1,1,2,0
1,1,2,0
1,1,2,0
1,1,2,0
1,1,2,0
1,1,2,0
1,1,2,0
1,1,2,0
1,1,2,0
1,1,2,0
1,1,2,0
1,1,2,0
1,1,2,0
1,1,2,0
1,1,2,0
1,1,2,0
1,1,2,0
1,1,2,0
1,1,2,0
1,1,2,0
1,1,2,0
1,1,2,0
1,1,2,0
1,1,2,0
1,1,2,0
1,1,2,0
1,1,2,0
1,1,2,0
1,1,2,0
1,1,2,0
1,1,2,0
1,1,2,0
1,1,2,0
1,1,2,0
1,1,2,0
1,1,2,0
1,1,2,0
1,1,2,0
1,1,2,0
1,1,2,0
1,1,2,0
1,1,2,0
1,1,2,0
1,1,2,0
1,1,2,0
1,1,2,0
1,1,2,0
1,1,2,0
1,1,2,0
1,1,2,0
1,1,2,0
1,1,2,0
1,1,2,0
1,1,2,0
1,1,2,0
1,1,2,0
1,1,2,0
1,1,2,0
1,1,2,0
1,1,2,0
1,1,2,0
1,1,2,0
1,1,2,0
1,1,2,0
1,1,2,0
18,18,36,0
133,1,134,132
2,0,2,2
3,0,3,3
2,0,2,2
6,0,6,6
4,0,4,4
2,0,2,2
3,0,3,3
2,0,2,2
6,0,6,6
4,0,4,4
5,5,10,0
5,0,5,5
1,1,2,0
1,1,2,0
2,2,4,0
2,2,4,0
2,2,4,0
0,1,1,-1
0,4,4,-4
24,2,26,22
6,3,9,3
2,1,3,1
3,1,4,2
2,1,3,1
2,1,3,1
4,2,6,2
26,0,26,26
134,0,134,134
147,0,147,147
22,0,22,22
1,1,2,0
10,13,23,-3
12,7,19,5
18,14,32,4
16,11,27,5
6,5,11,1
76,27,103,49
39,39,78,0
3,3,6,0
1,0,1,1
0,2,2,-2
0,2,2,-2
1,1,2,0
1,1,2,0
1,1,2,0
1,1,2,0
1,1,2,0
1,1,2,0
1,1,2,0
3,3,6,0
8,6,14,2
7,4,11,3
8,5,13,3
8,5,13,3
8,5,13,3
4,4,8,0
4,4,8,0
4,4,8,0
1,6,7,-5
2,4,6,-2
1,6,7,-5
2,6,8,-4
4,23,27,-19
3,12,15,-9
5,30,35,-25
3,14,17,-11
8,53,61,-45
3,6,9,-3
3,14,17,-11
4,15,19,-11
2,7,9,-5
2,5,7,-3
2,14,16,-12
2,4,6,-2
4,18,22,-14
4,11,15,-7
2,7,9,-5
3,13,16,-10
2,7,9,-5
3,13,16,-10
2,7,9,-5
3,14,17,-11
5,19,24,-14
2,5,7,-3
2,11,13,-9
3,12,15,-9
5,30,35,-25
3,14,17,-11
4,32,36,-28
2,6,8,-4
2,8,10,-6
2,7,9,-5
2,5,7,-3
2,14,16,-12
2,4,6,-2
4,7,11,-3
4,7,11,-3
2,4,6,-2
2,7,9,-5
4,18,22,-14
2,7,9,-5
3,13,16,-10
2,7,9,-5
3,13,16,-10
2,7,9,-5
3,14,17,-11
2,7,9,-5
5,19,24,-14
2,5,7,-3
1,1,2,0
6,2,8,4
6,2,8,4
3,1,4,2
3,1,4,2
6,1,7,5
2,4,6,-2
6,1,7,5
2,4,6,-2
6,1,7,5
2,4,6,-2
6,1,7,5
2,4,6,-2
6,1,7,5
2,4,6,-2
1,2,3,-1
2,0,2,2
1,1,2,0
0,3,3,-3
5,5,10,0
1,1,2,0
4,4,8,0
2,3,5,-1
2,3,5,-1
14,9,23,5
1,1,2,0
17,6,23,11
17,6,23,11
6,4,10,2
6,4,10,2
3,0,3,3
8,8,16,0
8,8,16,0
0,22,22,-22
1,1,2,0
2,3,5,-1
0,1,1,-1
0,1,1,-1
10,11,21,-1
0,1,1,-1
20,20,40,0
0,1,1,-1
0,1,1,-1
2,2,4,0
1,2,3,-1
0,1,1,-1
0,1,1,-1
0,1,1,-1
0,1,1,-1
0,1,1,-1
0,1,1,-1
0,1,1,-1
0,1,1,-1
0,1,1,-1
0,1,1,-1
0,1,1,-1
0,1,1,-1
1,2,3,-1
0,1,1,-1
3,4,7,-1
0,1,1,-1
0,1,1,-1
0,1,1,-1
0,1,1,-1
1,2,3,-1
0,1,1,-1
0,1,1,-1
0,1,1,-1
0,1,1,-1
0,1,1,-1
0,1,1,-1
2,2,4,0
0,1,1,-1
0,1,1,-1
0,1,1,-1
0,1,1,-1
1,2,3,-1
0,1,1,-1
0,1,1,-1
0,1,1,-1
0,1,1,-1
0,1,1,-1
0,1,1,-1
0,1,1,-1
0,1,1,-1
0,1,1,-1
0,1,1,-1
0,1,1,-1
0,1,1,-1
0,1,1,-1
0,1,1,-1
0,1,1,-1
0,1,1,-1
0,1,1,-1
0,1,1,-1
0,1,1,-1
0,1,1,-1
0,1,1,-1
0,1,1,-1
0,1,1,-1
0,1,1,-1
0,1,1,-1
0,1,1,-1
0,1,1,-1
0,1,1,-1
0,1,1,-1
0,1,1,-1
0,1,1,-1
0,1,1,-1
0,1,1,-1
0,1,1,-1
0,1,1,-1
20,20,40,0
0,1,1,-1
2,2,4,0
1,2,3,-1
0,1,1,-1
0,1,1,-1
0,1,1,-1
0,1,1,-1
0,1,1,-1
0,1,1,-1
0,1,1,-1
0,1,1,-1
0,1,1,-1
0,1,1,-1
0,1,1,-1
0,1,1,-1
0,1,1,-1
3,4,7,-1
0,1,1,-1
0,1,1,-1
0,1,1,-1
0,1,1,-1
0,1,1,-1
1,2,3,-1
0,1,1,-1
0,1,1,-1
0,1,1,-1
0,1,1,-1
0,1,1,-1
0,1,1,-1
2,2,4,0
0,1,1,-1
0,1,1,-1
0,1,1,-1
0,1,1,-1
1,2,3,-1
0,1,1,-1
0,1,1,-1
0,1,1,-1
0,1,1,-1
0,1,1,-1
0,1,1,-1
0,1,1,-1
0,1,1,-1
0,1,1,-1
0,1,1,-1
0,1,1,-1
0,1,1,-1
0,1,1,-1
0,1,1,-1
0,1,1,-1
0,1,1,-1
0,1,1,-1
0,1,1,-1
0,1,1,-1
0,1,1,-1
0,1,1,-1
0,1,1,-1
0,1,1,-1
0,1,1,-1
0,1,1,-1
0,1,1,-1
0,1,1,-1
0,1,1,-1
0,1,1,-1
0,1,1,-1
0,1,1,-1
0,1,1,-1
0,1,1,-1
0,1,1,-1
10,11,21,-1
0,1,1,-1
0,1,1,-1
0,1,1,-1
0,1,1,-1
0,1,1,-1
0,1,1,-1
0,1,1,-1
0,1,1,-1
0,1,1,-1
0,1,1,-1
0,1,1,-1
0,1,1,-1
6,2,8,4
1,1,2,0
1,1,2,0
2,2,4,0
3,34,37,-31
12,12,24,0
12,12,24,0
710,0,710,710
13,657,670,-644
7,649,656,-642
23,23,46,0
22,22,44,0
5,5,10,0
4,4,8,0
190,0,190,190
183,0,183,183
84,0,84,84
4,4,8,0
5,4,9,1
